273.0 0.0 2.0 31.0 8.0 1198.44 3280.36 43.32 361.02 38.35
273.0 0.0 2.0 31.0 8.0 1198.18 3107.5 42.96 364.66 38.35
273.0 0.0 2.0 31.0 8.0 1195.59 2953.5 42.96 361.24 38.35
273.0 0.0 2.0 31.0 8.0 1174.37 2847.59 42.96 363.84 38.35
273.0 0.0 2.0 31.0 8.0 1151.8 2759.84 42.96 374.2 38.35
273.0 0.0 2.0 31.0 8.0 1127.39 2680.24 42.96 373.02 38.35
273.0 0.0 2.0 31.0 8.0 1101.75 2626.96 41.3 382.15 38.35
273.0 0.0 2.0 31.0 8.0 1075.06 2602.42 41.3 383.2 38.35
273.0 0.0 2.0 31.0 8.0 1047.55 2585.5 41.3 381.58 38.35
273.0 0.0 2.0 31.0 8.0 1030.66 2602.24 41.3 386.94 38.35
273.0 0.0 2.0 31.0 8.0 1013.11 2639.28 42.96 376.62 38.35
273.0 0.0 2.0 31.0 8.0 995.03 2602.46 42.96 369.42 38.35
487.0 0.0 0.0 10.0 3.0 299.3 3662.71 49.26 577.4 67.93
487.0 0.0 0.0 10.0 3.0 320.3 3530.33 49.26 568.39 65.56
487.0 0.0 0.0 10.0 3.0 339.6 3447.0 46.26 559.84 63.04
487.0 0.0 0.0 10.0 3.0 350.1 3341.35 46.26 576.77 63.04
487.0 0.0 0.0 10.0 3.0 364.5 3432.1 46.26 577.28 63.04
487.0 0.0 0.0 10.0 3.0 388.6 3329.65 42.61 574.59 59.6
487.0 0.0 0.0 10.0 3.0 409.6 3269.01 40.57 572.22 53.59
487.0 0.0 0.0 10.0 3.0 422.0 3255.78 40.57 571.8 53.59
487.0 0.0 0.0 10.0 3.0 429.4 3241.33 40.57 573.15 53.59
487.0 0.0 0.0 10.0 3.0 425.3 3227.39 40.57 572.77 53.59
487.0 0.0 0.0 10.0 3.0 420.5 3112.47 40.57 577.55 59.6
487.0 0.0 0.0 10.0 3.0 414.8 3161.8 40.57 582.64 63.04
189.0 0.0 2.0 19.0 5.0 101.74 3436.42 59.27 498.99 90.23
189.0 0.0 2.0 19.0 5.0 105.67 3346.33 59.27 475.43 89.56
189.0 0.0 2.0 19.0 5.0 110.27 3241.64 59.27 486.77 89.56
189.0 0.0 2.0 19.0 5.0 109.65 3132.91 58.88 454.35 87.78
189.0 0.0 2.0 19.0 5.0 109.21 3063.27 58.88 469.21 87.78
189.0 0.0 2.0 19.0 5.0 109.27 2999.43 58.88 462.57 87.78
189.0 0.0 2.0 19.0 5.0 109.72 2934.12 58.88 470.95 87.07
189.0 0.0 2.0 19.0 5.0 110.27 2885.11 58.21 459.85 87.07
189.0 0.0 2.0 19.0 5.0 111.06 2881.66 58.21 456.24 87.07
189.0 0.0 2.0 19.0 5.0 108.96 2897.33 58.21 452.35 87.07
189.0 0.0 2.0 19.0 5.0 107.0 2921.65 59.55 480.64 87.07
189.0 0.0 2.0 19.0 5.0 105.18 2956.08 58.21 545.7 81.98
272.0 0.0 1.0 31.0 7.0 117.2 3184.31 50.03 653.04 43.65
272.0 0.0 1.0 31.0 7.0 122.7 3029.58 48.46 670.34 43.65
272.0 0.0 1.0 31.0 7.0 127.4 2878.75 48.46 651.75 43.13
272.0 0.0 1.0 31.0 7.0 132.1 2771.29 45.81 671.39 38.77
272.0 0.0 1.0 31.0 7.0 137.8 2710.85 43.58 687.33 38.77
272.0 0.0 1.0 31.0 7.0 143.1 2654.46 43.58 678.61 38.77
272.0 0.0 1.0 31.0 7.0 148.6 2615.37 43.58 680.39 38.77
272.0 0.0 1.0 31.0 7.0 154.9 2571.54 43.22 678.44 38.41
272.0 0.0 1.0 31.0 7.0 163.2 2563.29 43.22 680.55 38.41
272.0 0.0 1.0 31.0 7.0 180.8 2587.84 41.49 671.4 38.41
272.0 0.0 1.0 31.0 7.0 197.6 2621.38 45.67 696.2 39.13
272.0 0.0 1.0 31.0 7.0 215.6 2621.9 43.58 690.93 38.77
573.0 0.0 3.0 22.0 5.0 851.7 2967.51 50.99 321.65 46.12
573.0 0.0 3.0 22.0 5.0 803.4 2873.7 48.22 309.69 46.12
573.0 0.0 3.0 22.0 5.0 759.5 2764.74 50.99 328.72 46.12
573.0 0.0 3.0 22.0 5.0 728.6 2697.64 50.99 336.49 46.12
573.0 0.0 3.0 22.0 5.0 704.9 2599.16 48.21 341.97 46.12
573.0 0.0 3.0 22.0 5.0 704.8 2572.47 48.21 352.66 46.12
573.0 0.0 3.0 22.0 5.0 701.3 2541.67 48.21 361.74 46.12
573.0 0.0 3.0 22.0 5.0 692.3 2528.16 48.21 368.51 46.12
573.0 0.0 3.0 22.0 5.0 688.5 2489.02 48.21 376.82 46.12
573.0 0.0 3.0 22.0 5.0 702.8 2506.09 48.21 385.68 46.12
573.0 0.0 3.0 22.0 5.0 715.1 2555.06 48.21 390.61 43.34
573.0 0.0 3.0 22.0 5.0 722.7 2603.15 51.04 416.33 46.2
82.0 0.0 6.0 3.0 1.0 1235.62 3801.82 45.32 407.31 39.48
82.0 0.0 6.0 3.0 1.0 1274.96 3655.18 45.32 379.76 38.82
82.0 0.0 6.0 3.0 1.0 1302.35 3517.84 42.76 344.73 39.48
82.0 0.0 6.0 3.0 1.0 1321.63 3377.52 42.57 326.17 38.82
82.0 0.0 6.0 3.0 1.0 1331.77 3230.8 41.91 301.04 38.82
82.0 0.0 6.0 3.0 1.0 1345.39 3127.23 41.91 313.12 35.9
82.0 0.0 6.0 3.0 1.0 1356.97 3034.74 39.0 320.96 29.87
82.0 0.0 6.0 3.0 1.0 1366.63 2952.73 28.68 334.54 25.59
82.0 0.0 6.0 3.0 1.0 1374.56 2919.07 28.68 323.3 25.59
82.0 0.0 6.0 3.0 1.0 1380.88 2903.4 28.68 329.3 25.59
82.0 0.0 6.0 3.0 1.0 1385.56 2919.95 28.68 327.98 25.59
82.0 0.0 6.0 3.0 1.0 1383.82 2900.78 28.68 329.1 25.59
64.0 0.0 2.0 1.0 1.0 1310.17 3905.63 44.11 359.13 45.05
64.0 0.0 2.0 1.0 1.0 1297.33 3694.63 43.11 356.16 44.51
64.0 0.0 2.0 1.0 1.0 1282.96 3561.28 43.11 323.59 44.07
64.0 0.0 2.0 1.0 1.0 1266.86 3403.14 42.75 310.38 29.82
64.0 0.0 2.0 1.0 1.0 1247.85 3264.17 41.54 295.66 29.82
64.0 0.0 2.0 1.0 1.0 1243.03 3149.82 27.19 255.65 29.82
64.0 0.0 2.0 1.0 1.0 1237.45 3074.08 27.19 251.41 29.82
64.0 0.0 2.0 1.0 1.0 1231.1 3039.7 27.19 261.03 29.82
64.0 0.0 2.0 1.0 1.0 1224.0 2993.4 2.53 270.25 29.82
64.0 0.0 2.0 1.0 1.0 1216.25 2972.93 2.53 278.79 29.82
64.0 0.0 2.0 1.0 1.0 1208.14 2999.37 27.19 274.49 29.82
64.0 0.0 2.0 1.0 1.0 1233.47 3088.77 27.19 283.74 29.82
364.0 0.0 3.0 44.0 11.0 111.05 3658.9 53.45 580.34 52.89
364.0 0.0 3.0 44.0 11.0 133.46 3470.61 43.72 590.27 51.6
364.0 0.0 3.0 44.0 11.0 159.68 3307.75 41.83 610.4 42.09
364.0 0.0 3.0 44.0 11.0 188.39 3180.9 38.98 624.53 42.09
364.0 0.0 3.0 44.0 11.0 220.6 3034.9 37.66 636.16 38.98
364.0 0.0 3.0 44.0 11.0 254.88 2968.04 37.66 646.39 38.98
364.0 0.0 3.0 44.0 11.0 292.52 2896.99 37.66 624.94 38.98
364.0 0.0 3.0 44.0 11.0 281.83 2858.37 37.66 615.41 38.98
364.0 0.0 3.0 44.0 11.0 272.42 2855.74 37.31 618.32 38.98
364.0 0.0 3.0 44.0 11.0 264.2 2831.79 37.31 616.92 38.98
364.0 0.0 3.0 44.0 11.0 257.41 2868.88 37.66 631.6 38.98
364.0 0.0 3.0 44.0 11.0 251.72 2962.93 37.66 665.11 42.09
456.0 0.0 4.0 5.0 2.0 1108.0 4107.99 47.42 432.27 50.7
456.0 0.0 4.0 5.0 2.0 1099.9 3924.55 47.26 426.13 50.93
456.0 0.0 4.0 5.0 2.0 1090.5 3804.57 47.26 438.27 51.16
456.0 0.0 4.0 5.0 2.0 1078.2 3681.97 47.26 459.21 51.08
456.0 0.0 4.0 5.0 2.0 1065.3 3580.62 47.26 437.49 51.31
456.0 0.0 4.0 5.0 2.0 1051.6 3461.24 47.26 420.09 51.25
456.0 0.0 4.0 5.0 2.0 1046.4 3389.93 47.26 404.24 51.48
456.0 0.0 4.0 5.0 2.0 1063.7 3380.97 34.24 405.12 50.17
456.0 0.0 4.0 5.0 2.0 1082.5 3354.0 33.64 399.43 50.4
456.0 0.0 4.0 5.0 2.0 1102.6 3310.37 33.64 405.2 50.63
456.0 0.0 4.0 5.0 2.0 1121.5 3299.87 33.64 411.3 52.7
456.0 0.0 4.0 5.0 2.0 1139.0 3352.31 33.64 429.89 52.93
587.0 0.0 3.0 24.0 6.0 182.42 3019.98 41.35 604.31 43.52
587.0 0.0 3.0 24.0 6.0 228.06 2889.9 39.35 598.55 33.1
587.0 0.0 3.0 24.0 6.0 281.33 2772.96 39.27 597.5 31.11
587.0 0.0 3.0 24.0 6.0 312.97 2703.18 39.44 526.76 31.11
587.0 0.0 3.0 24.0 6.0 353.27 2620.55 39.35 515.29 30.83
587.0 0.0 3.0 24.0 6.0 403.05 2579.32 39.35 524.97 30.83
587.0 0.0 3.0 24.0 6.0 457.54 2553.14 39.07 497.04 30.83
587.0 0.0 3.0 24.0 6.0 514.55 2516.39 39.07 489.15 30.83
587.0 0.0 3.0 24.0 6.0 573.69 2508.17 39.07 471.81 30.83
587.0 0.0 3.0 24.0 6.0 558.34 2564.56 39.07 511.95 30.83
587.0 0.0 3.0 24.0 6.0 546.31 2515.01 32.7 496.49 30.83
587.0 0.0 3.0 24.0 6.0 536.66 2594.99 39.07 476.42 29.49
360.0 0.0 6.0 43.0 10.0 601.43 3422.3 55.82 526.32 55.36
360.0 0.0 6.0 43.0 10.0 624.59 3386.98 56.36 531.94 58.51
360.0 0.0 6.0 43.0 10.0 649.07 3036.48 55.09 536.59 55.83
360.0 0.0 6.0 43.0 10.0 667.99 2951.26 41.38 544.98 40.93
360.0 0.0 6.0 43.0 10.0 687.55 2851.11 41.38 544.62 40.93
360.0 0.0 6.0 43.0 10.0 747.09 2772.4 41.03 550.5 40.93
360.0 0.0 6.0 43.0 10.0 767.31 2711.4 41.03 501.22 40.93
360.0 0.0 6.0 43.0 10.0 785.87 2687.41 40.0 528.52 40.93
360.0 0.0 6.0 43.0 10.0 804.34 2685.89 40.0 516.1 40.93
360.0 0.0 6.0 43.0 10.0 822.33 2676.25 40.0 514.66 40.93
360.0 0.0 6.0 43.0 10.0 840.14 2675.37 40.0 524.91 40.93
360.0 0.0 6.0 43.0 10.0 857.09 2672.03 40.0 518.41 40.93
342.0 0.0 1.0 41.0 10.0 235.54 3228.19 39.04 568.99 40.51
342.0 0.0 1.0 41.0 10.0 227.11 3113.05 38.99 580.39 40.46
342.0 0.0 1.0 41.0 10.0 219.07 2999.25 38.99 558.78 40.46
342.0 0.0 1.0 41.0 10.0 211.35 2896.92 38.0 544.0 40.46
342.0 0.0 1.0 41.0 10.0 203.95 2824.24 38.0 539.25 40.46
342.0 0.0 1.0 41.0 10.0 196.83 2739.89 38.0 548.03 40.46
342.0 0.0 1.0 41.0 10.0 189.94 2718.03 38.0 556.06 40.46
342.0 0.0 1.0 41.0 10.0 183.08 2689.05 38.0 551.12 40.46
342.0 0.0 1.0 41.0 10.0 176.74 2665.54 38.0 550.23 40.46
342.0 0.0 1.0 41.0 10.0 168.64 2704.08 37.02 548.46 40.46
342.0 0.0 1.0 41.0 10.0 161.11 2784.19 38.99 576.09 40.46
342.0 0.0 1.0 41.0 10.0 153.81 2842.68 38.99 583.97 40.46
173.0 0.0 0.0 17.0 4.0 138.7 3218.05 56.18 566.53 96.6
173.0 0.0 0.0 17.0 4.0 153.0 3180.94 56.18 537.87 96.6
173.0 0.0 0.0 17.0 4.0 167.0 3079.42 56.03 547.22 96.6
173.0 0.0 0.0 17.0 4.0 179.2 2984.6 55.76 564.5 96.6
173.0 0.0 0.0 17.0 4.0 189.6 2915.35 55.76 550.02 96.18
173.0 0.0 0.0 17.0 4.0 195.2 2840.79 55.76 556.11 96.18
173.0 0.0 0.0 17.0 4.0 200.3 2787.08 55.76 556.66 96.18
173.0 0.0 0.0 17.0 4.0 204.9 2733.62 55.76 555.99 96.18
173.0 0.0 0.0 17.0 4.0 210.5 2709.55 53.5 567.36 96.18
173.0 0.0 0.0 17.0 4.0 222.9 2746.27 53.5 568.96 96.18
173.0 0.0 0.0 17.0 4.0 233.8 2779.76 53.5 565.55 96.18
173.0 0.0 0.0 17.0 4.0 245.7 2817.8 53.5 557.64 89.4
464.0 0.0 5.0 6.0 2.0 364.7 4142.82 50.7 488.02 48.0
464.0 0.0 5.0 6.0 2.0 357.2 3915.06 50.7 509.14 46.35
464.0 0.0 5.0 6.0 2.0 350.9 3792.26 48.11 498.96 38.0
464.0 0.0 5.0 6.0 2.0 346.4 3630.39 47.53 463.92 34.15
464.0 0.0 5.0 6.0 2.0 342.2 3496.86 47.21 429.19 34.15
464.0 0.0 5.0 6.0 2.0 335.6 3394.91 44.03 437.3 33.08
464.0 0.0 5.0 6.0 2.0 329.9 3328.84 38.78 441.53 33.08
464.0 0.0 5.0 6.0 2.0 329.1 3281.18 38.78 444.28 33.08
464.0 0.0 5.0 6.0 2.0 328.9 3275.52 38.78 440.62 33.08
464.0 0.0 5.0 6.0 2.0 325.1 3228.35 38.78 444.1 32.78
464.0 0.0 5.0 6.0 2.0 321.6 3190.73 38.78 453.36 32.78
464.0 0.0 5.0 6.0 2.0 321.0 3216.79 38.78 451.12 32.78
462.0 0.0 3.0 6.0 2.0 320.0 3922.42 47.58 526.21 56.45
462.0 0.0 3.0 6.0 2.0 302.5 3783.59 44.33 544.2 54.69
462.0 0.0 3.0 6.0 2.0 288.4 3625.77 41.62 562.06 48.27
462.0 0.0 3.0 6.0 2.0 283.0 3510.47 40.15 565.68 44.85
462.0 0.0 3.0 6.0 2.0 275.6 3428.0 40.04 519.6 44.85
462.0 0.0 3.0 6.0 2.0 262.9 3326.8 38.95 523.06 44.85
462.0 0.0 3.0 6.0 2.0 254.2 3295.03 38.95 526.3 44.85
462.0 0.0 3.0 6.0 2.0 252.0 3234.91 38.95 530.06 44.85
462.0 0.0 3.0 6.0 2.0 250.6 3239.71 38.95 530.93 40.14
462.0 0.0 3.0 6.0 2.0 248.6 3247.18 38.95 515.55 40.14
462.0 0.0 3.0 6.0 2.0 245.2 3245.65 40.15 531.57 44.85
462.0 0.0 3.0 6.0 2.0 242.5 3295.71 40.15 532.74 44.85
586.0 0.0 2.0 24.0 6.0 195.3 3073.72 32.97 582.24 40.6
586.0 0.0 2.0 24.0 6.0 206.6 2949.56 31.23 579.42 39.4
586.0 0.0 2.0 24.0 6.0 213.7 2821.67 31.23 555.62 39.4
586.0 0.0 2.0 24.0 6.0 207.8 2731.83 31.23 556.4 39.4
586.0 0.0 2.0 24.0 6.0 203.0 2660.05 31.23 552.63 39.4
586.0 0.0 2.0 24.0 6.0 198.0 2606.19 31.23 565.69 39.4
586.0 0.0 2.0 24.0 6.0 192.5 2566.37 31.23 569.27 39.12
586.0 0.0 2.0 24.0 6.0 180.3 2532.66 30.95 574.34 39.12
586.0 0.0 2.0 24.0 6.0 168.2 2502.84 30.95 588.42 39.12
586.0 0.0 2.0 24.0 6.0 157.5 2524.53 30.95 568.37 39.12
586.0 0.0 2.0 24.0 6.0 147.2 2534.63 30.95 575.64 37.92
586.0 0.0 2.0 24.0 6.0 135.6 2575.08 31.23 589.81 40.3
66.0 0.0 4.0 1.0 1.0 208.98 4291.93 44.14 476.66 49.23
66.0 0.0 4.0 1.0 1.0 200.5 4076.05 44.03 459.47 49.12
66.0 0.0 4.0 1.0 1.0 192.56 3888.49 43.75 457.34 48.84
66.0 0.0 4.0 1.0 1.0 185.44 3732.27 43.46 470.03 47.55
66.0 0.0 4.0 1.0 1.0 179.14 3598.6 42.06 479.93 46.98
66.0 0.0 4.0 1.0 1.0 193.89 3489.11 41.12 485.62 46.95
66.0 0.0 4.0 1.0 1.0 209.7 3387.75 41.09 503.36 46.95
66.0 0.0 4.0 1.0 1.0 227.34 3330.92 41.09 510.34 46.95
66.0 0.0 4.0 1.0 1.0 245.3 3308.06 41.09 513.93 46.95
66.0 0.0 4.0 1.0 1.0 264.25 3271.88 41.06 517.55 46.95
66.0 0.0 4.0 1.0 1.0 284.69 3247.57 41.06 514.04 46.92
66.0 0.0 4.0 1.0 1.0 315.48 3290.04 41.06 509.65 46.95
337.0 0.0 3.0 40.0 10.0 271.0 3332.43 39.42 654.5 42.51
337.0 0.0 3.0 40.0 10.0 259.1 3235.06 39.42 673.91 42.51
337.0 0.0 3.0 40.0 10.0 247.5 3110.69 38.51 673.84 42.51
337.0 0.0 3.0 40.0 10.0 239.7 3015.2 38.51 647.13 42.51
337.0 0.0 3.0 40.0 10.0 232.6 2929.79 38.51 653.82 40.64
337.0 0.0 3.0 40.0 10.0 225.7 2875.35 38.51 652.45 40.64
337.0 0.0 3.0 40.0 10.0 217.2 2830.66 38.51 654.34 40.64
337.0 0.0 3.0 40.0 10.0 199.6 2791.11 37.55 644.92 40.64
337.0 0.0 3.0 40.0 10.0 184.3 2784.1 37.55 650.14 40.64
337.0 0.0 3.0 40.0 10.0 172.3 2788.1 38.51 653.93 40.64
337.0 0.0 3.0 40.0 10.0 160.0 2824.15 38.51 682.7 42.51
337.0 0.0 3.0 40.0 10.0 150.1 2943.34 39.42 710.45 42.51
156.0 1.0 4.0 14.0 4.0 78.2 3282.29 43.21 598.64 46.77
156.0 1.0 4.0 14.0 4.0 80.0 3196.38 43.21 590.35 46.1
156.0 1.0 4.0 14.0 4.0 82.5 3064.61 43.21 599.05 46.1
156.0 1.0 4.0 14.0 4.0 87.3 2957.9 42.81 585.62 44.52
156.0 1.0 4.0 14.0 4.0 92.7 2893.24 42.81 577.7 43.79
156.0 1.0 4.0 14.0 4.0 101.7 2824.44 42.81 563.72 43.79
156.0 1.0 4.0 14.0 4.0 107.6 2762.05 42.81 565.36 43.79
156.0 1.0 4.0 14.0 4.0 110.6 2727.51 42.04 563.3 43.79
156.0 1.0 4.0 14.0 4.0 113.1 2720.85 42.04 562.29 43.79
156.0 1.0 4.0 14.0 4.0 117.3 2749.8 42.04 586.55 43.79
156.0 1.0 4.0 14.0 4.0 120.0 2785.09 43.58 594.22 43.79
156.0 1.0 4.0 14.0 4.0 124.0 2851.43 42.81 627.96 44.52
167.0 0.0 1.0 16.0 4.0 1119.2 3405.53 43.65 368.52 45.19
167.0 0.0 1.0 16.0 4.0 1112.1 3315.52 37.9 374.29 45.19
167.0 0.0 1.0 16.0 4.0 1111.1 3198.26 31.25 373.89 45.19
167.0 0.0 1.0 16.0 4.0 1125.5 3084.66 31.25 392.91 38.19
167.0 0.0 1.0 16.0 4.0 1140.0 2989.42 24.25 392.7 38.19
167.0 0.0 1.0 16.0 4.0 1150.1 2922.89 24.25 399.05 38.19
167.0 0.0 1.0 16.0 4.0 1155.1 2851.89 6.07 411.45 45.19
167.0 0.0 1.0 16.0 4.0 1141.9 2842.37 6.07 425.76 20.0
167.0 0.0 1.0 16.0 4.0 1125.3 2839.86 6.07 410.11 13.94
167.0 0.0 1.0 16.0 4.0 1097.7 2855.05 6.07 395.63 13.94
167.0 0.0 1.0 16.0 4.0 1073.6 2894.55 6.07 391.12 13.94
167.0 0.0 1.0 16.0 4.0 1057.7 2981.39 31.25 400.65 38.19
83.0 0.0 0.0 4.0 1.0 342.27 3641.02 50.33 500.66 75.79
83.0 0.0 0.0 4.0 1.0 336.06 3484.72 50.33 516.62 75.42
83.0 0.0 0.0 4.0 1.0 330.08 3352.0 49.96 525.89 75.42
83.0 0.0 0.0 4.0 1.0 324.1 3227.72 49.96 543.74 75.25
83.0 0.0 0.0 4.0 1.0 317.97 3109.21 49.79 552.59 68.28
83.0 0.0 0.0 4.0 1.0 312.53 3053.11 42.82 553.98 60.81
83.0 0.0 0.0 4.0 1.0 307.5 3001.72 47.79 562.16 66.0
83.0 0.0 0.0 4.0 1.0 302.74 2984.48 47.79 572.01 66.0
83.0 0.0 0.0 4.0 1.0 298.19 3000.94 47.79 573.41 66.0
83.0 0.0 0.0 4.0 1.0 293.81 3010.87 49.79 573.21 66.0
83.0 0.0 0.0 4.0 1.0 289.63 3098.37 49.96 595.37 66.0
83.0 0.0 0.0 4.0 1.0 283.51 3172.5 50.33 595.83 75.25
249.0 0.0 6.0 27.0 7.0 195.2 3021.37 47.84 689.98 48.62
249.0 0.0 6.0 27.0 7.0 199.9 2898.27 40.78 696.04 41.49
249.0 0.0 6.0 27.0 7.0 206.3 2785.48 40.78 662.97 39.41
249.0 0.0 6.0 27.0 7.0 220.1 2652.38 40.41 661.29 39.41
249.0 0.0 6.0 27.0 7.0 235.3 2574.68 40.41 632.42 39.41
249.0 0.0 6.0 27.0 7.0 255.9 2490.18 40.41 620.59 39.04
249.0 0.0 6.0 27.0 7.0 277.3 2422.18 40.41 605.5 39.04
249.0 0.0 6.0 27.0 7.0 299.0 2375.66 40.41 601.23 39.04
249.0 0.0 6.0 27.0 7.0 315.5 2345.66 40.41 591.65 39.04
249.0 0.0 6.0 27.0 7.0 318.6 2341.61 40.41 590.29 39.04
249.0 0.0 6.0 27.0 7.0 319.7 2291.64 40.41 605.75 39.04
249.0 0.0 6.0 27.0 7.0 314.6 2235.11 40.41 605.25 39.04
572.0 0.0 2.0 22.0 5.0 491.97 3087.68 32.5 355.03 44.47
572.0 0.0 2.0 22.0 5.0 513.26 2985.21 32.5 369.64 44.47
572.0 0.0 2.0 22.0 5.0 534.03 2871.14 37.85 411.99 44.47
572.0 0.0 2.0 22.0 5.0 538.94 2791.66 37.85 408.56 44.47
572.0 0.0 2.0 22.0 5.0 543.75 2684.55 32.5 418.87 44.47
572.0 0.0 2.0 22.0 5.0 548.64 2647.65 32.5 442.36 44.47
572.0 0.0 2.0 22.0 5.0 553.69 2612.47 32.5 430.4 41.42
572.0 0.0 2.0 22.0 5.0 558.81 2598.47 31.22 427.21 39.73
572.0 0.0 2.0 22.0 5.0 563.74 2556.07 31.22 425.47 40.21
572.0 0.0 2.0 22.0 5.0 557.35 2569.94 31.22 426.8 39.29
572.0 0.0 2.0 22.0 5.0 551.13 2613.98 31.22 422.41 39.41
572.0 0.0 2.0 22.0 5.0 544.72 2650.45 31.22 401.65 40.41
452.0 0.0 0.0 5.0 1.0 1329.07 3838.82 54.46 371.92 60.63
452.0 0.0 0.0 5.0 1.0 1309.18 3652.77 54.15 372.69 60.32
452.0 0.0 0.0 5.0 1.0 1284.25 3530.71 54.15 373.45 60.32
452.0 0.0 0.0 5.0 1.0 1256.92 3435.52 54.15 394.87 60.32
452.0 0.0 0.0 5.0 1.0 1227.36 3352.66 54.15 392.29 60.32
452.0 0.0 0.0 5.0 1.0 1195.51 3282.25 54.01 386.1 60.32
452.0 0.0 0.0 5.0 1.0 1162.38 3201.89 50.23 419.43 60.32
452.0 0.0 0.0 5.0 1.0 1185.97 3184.38 50.23 409.98 60.32
452.0 0.0 0.0 5.0 1.0 1207.1 3157.46 50.23 413.43 56.4
452.0 0.0 0.0 5.0 1.0 1225.07 3126.94 50.23 400.35 56.4
452.0 0.0 0.0 5.0 1.0 1237.38 3146.84 50.23 375.49 56.4
452.0 0.0 0.0 5.0 1.0 1246.53 3206.67 50.23 365.89 56.4
341.0 0.0 0.0 41.0 10.0 629.9 3002.25 49.61 411.1 37.32
341.0 0.0 0.0 41.0 10.0 616.2 2943.4 49.61 409.92 37.32
341.0 0.0 0.0 41.0 10.0 604.0 2824.95 49.61 414.43 37.32
341.0 0.0 0.0 41.0 10.0 593.4 2728.02 49.61 414.5 37.32
341.0 0.0 0.0 41.0 10.0 582.3 2682.85 49.61 421.89 37.32
341.0 0.0 0.0 41.0 10.0 571.1 2605.18 49.61 439.12 37.32
341.0 0.0 0.0 41.0 10.0 560.2 2573.46 49.61 442.15 37.32
341.0 0.0 0.0 41.0 10.0 551.8 2527.0 47.15 445.97 37.32
341.0 0.0 0.0 41.0 10.0 539.1 2560.46 49.61 457.14 37.32
341.0 0.0 0.0 41.0 10.0 510.5 2572.6 49.61 454.51 37.32
341.0 0.0 0.0 41.0 10.0 484.6 2582.24 49.61 481.01 37.32
341.0 0.0 0.0 41.0 10.0 463.4 2676.86 49.61 539.02 37.32
551.0 0.0 2.0 19.0 5.0 784.77 3123.95 49.64 360.41 38.66
551.0 0.0 2.0 19.0 5.0 801.16 3051.99 49.64 361.09 38.66
551.0 0.0 2.0 19.0 5.0 806.36 2953.35 46.51 370.16 38.66
551.0 0.0 2.0 19.0 5.0 800.85 2909.02 46.51 397.51 38.27
551.0 0.0 2.0 19.0 5.0 798.2 2803.17 46.51 402.55 38.27
551.0 0.0 2.0 19.0 5.0 799.37 2728.61 46.51 433.53 38.27
551.0 0.0 2.0 19.0 5.0 805.16 2690.15 46.51 424.55 38.27
551.0 0.0 2.0 19.0 5.0 812.02 2681.67 46.51 451.27 36.29
551.0 0.0 2.0 19.0 5.0 818.97 2699.02 46.51 443.71 36.29
551.0 0.0 2.0 19.0 5.0 848.09 2733.49 46.51 429.15 36.29
551.0 0.0 2.0 19.0 5.0 879.26 2756.32 46.09 379.97 36.0
551.0 0.0 2.0 19.0 5.0 911.72 2897.98 56.64 355.73 36.0
60.0 1.0 5.0 52.0 12.0 808.2 3725.62 43.96 353.37 43.96
60.0 1.0 5.0 52.0 12.0 817.4 3531.99 43.96 354.19 41.58
60.0 1.0 5.0 52.0 12.0 826.0 3414.36 43.96 370.17 40.85
60.0 1.0 5.0 52.0 12.0 836.4 3262.66 43.96 370.19 39.99
60.0 1.0 5.0 52.0 12.0 850.2 3127.09 41.58 355.55 39.99
60.0 1.0 5.0 52.0 12.0 869.7 2988.25 40.28 365.25 39.99
60.0 1.0 5.0 52.0 12.0 887.9 2888.31 39.99 381.55 39.99
60.0 1.0 5.0 52.0 12.0 900.1 2822.32 39.99 380.83 39.99
60.0 1.0 5.0 52.0 12.0 916.6 2743.09 39.74 372.73 39.99
60.0 1.0 5.0 52.0 12.0 939.9 2707.65 38.61 378.34 39.99
60.0 1.0 5.0 52.0 12.0 959.9 2654.31 25.14 379.76 39.74
60.0 1.0 5.0 52.0 12.0 973.8 2634.65 25.14 383.8 39.74
41.0 0.0 0.0 50.0 12.0 1073.69 3766.52 43.93 476.76 43.94
41.0 0.0 0.0 50.0 12.0 1050.84 3634.17 43.53 474.97 43.53
41.0 0.0 0.0 50.0 12.0 1027.19 3454.4 43.53 460.3 43.31
41.0 0.0 0.0 50.0 12.0 1003.02 3316.82 42.84 442.53 28.15
41.0 0.0 0.0 50.0 12.0 978.65 3221.96 28.15 410.31 28.15
41.0 0.0 0.0 50.0 12.0 959.33 3124.52 28.15 412.42 28.15
41.0 0.0 0.0 50.0 12.0 938.51 3124.49 28.15 415.86 0.0
41.0 0.0 0.0 50.0 12.0 915.97 3099.0 28.15 409.41 0.0
41.0 0.0 0.0 50.0 12.0 892.89 3049.0 28.15 407.8 0.0
41.0 0.0 0.0 50.0 12.0 869.7 3118.06 28.15 443.13 28.15
41.0 0.0 0.0 50.0 12.0 846.87 3101.64 28.15 438.89 28.15
41.0 0.0 0.0 50.0 12.0 781.42 3245.14 42.84 496.57 42.02
245.0 0.0 2.0 27.0 7.0 132.46 3319.81 40.88 620.41 39.28
245.0 0.0 2.0 27.0 7.0 124.18 3154.28 39.28 655.68 39.28
245.0 0.0 2.0 27.0 7.0 116.7 3001.64 39.28 637.36 38.91
245.0 0.0 2.0 27.0 7.0 106.89 2872.51 38.91 623.09 38.91
245.0 0.0 2.0 27.0 7.0 98.58 2782.99 38.91 617.03 38.91
245.0 0.0 2.0 27.0 7.0 91.84 2707.63 38.91 615.12 38.91
245.0 0.0 2.0 27.0 7.0 86.61 2659.46 38.91 615.83 38.91
245.0 0.0 2.0 27.0 7.0 82.39 2642.61 38.91 622.1 38.91
245.0 0.0 2.0 27.0 7.0 79.68 2620.9 38.91 629.31 38.91
245.0 0.0 2.0 27.0 7.0 78.32 2650.14 38.91 626.44 38.91
245.0 0.0 2.0 27.0 7.0 76.99 2674.66 38.91 652.18 38.91
245.0 0.0 2.0 27.0 7.0 75.64 2692.27 38.91 667.62 38.91
385.0 0.0 3.0 47.0 11.0 1375.71 3689.18 37.69 321.8 32.42
385.0 0.0 3.0 47.0 11.0 1391.08 3508.01 32.42 319.88 32.42
385.0 0.0 3.0 47.0 11.0 1401.57 3358.21 18.78 314.89 37.2
385.0 0.0 3.0 47.0 11.0 1406.88 3289.36 13.7 320.28 37.2
385.0 0.0 3.0 47.0 11.0 1407.81 3148.11 19.91 331.05 13.7
385.0 0.0 3.0 47.0 11.0 1405.01 3045.08 13.7 339.93 37.2
385.0 0.0 3.0 47.0 11.0 1398.93 3016.59 13.7 341.73 37.2
385.0 0.0 3.0 47.0 11.0 1398.75 2989.8 13.7 345.09 37.2
385.0 0.0 3.0 47.0 11.0 1382.85 2989.06 19.62 338.65 37.2
385.0 0.0 3.0 47.0 11.0 1340.9 2996.36 32.42 351.13 37.2
385.0 0.0 3.0 47.0 11.0 1266.3 3005.77 32.42 363.47 32.42
385.0 0.0 3.0 47.0 11.0 1161.48 3079.28 37.19 390.19 37.2
334.0 0.0 0.0 40.0 10.0 535.79 2912.17 56.99 394.33 69.06
334.0 0.0 0.0 40.0 10.0 535.12 2833.17 56.99 390.35 69.06
334.0 0.0 0.0 40.0 10.0 534.65 2723.98 56.99 414.68 69.06
334.0 0.0 0.0 40.0 10.0 532.42 2645.13 53.7 423.04 65.78
334.0 0.0 0.0 40.0 10.0 530.19 2572.85 53.7 423.69 65.78
334.0 0.0 0.0 40.0 10.0 528.09 2514.38 51.7 467.71 69.06
334.0 0.0 0.0 40.0 10.0 525.92 2470.79 51.36 464.43 65.01
334.0 0.0 0.0 40.0 10.0 523.91 2451.03 51.36 470.99 69.06
334.0 0.0 0.0 40.0 10.0 521.74 2461.14 51.36 489.19 69.06
334.0 0.0 0.0 40.0 10.0 521.83 2501.01 56.11 487.39 65.78
334.0 0.0 0.0 40.0 10.0 522.04 2528.62 56.11 542.15 69.06
334.0 0.0 0.0 40.0 10.0 522.56 2608.17 56.11 532.22 65.01
38.0 0.0 4.0 49.0 12.0 823.4 4175.56 50.8 470.94 51.43
38.0 0.0 4.0 49.0 12.0 795.1 3944.76 50.54 483.25 51.17
38.0 0.0 4.0 49.0 12.0 771.4 3791.98 50.54 461.32 51.17
38.0 0.0 4.0 49.0 12.0 756.1 3643.62 47.61 452.54 48.08
38.0 0.0 4.0 49.0 12.0 743.3 3544.71 33.7 442.31 34.17
38.0 0.0 4.0 49.0 12.0 736.9 3452.71 33.7 425.54 34.17
38.0 0.0 4.0 49.0 12.0 734.3 3376.49 33.7 438.55 34.17
38.0 0.0 4.0 49.0 12.0 743.8 3329.78 33.7 458.39 34.17
38.0 0.0 4.0 49.0 12.0 756.0 3318.11 33.7 447.09 34.17
38.0 0.0 4.0 49.0 12.0 774.3 3295.02 33.7 454.79 34.17
38.0 0.0 4.0 49.0 12.0 789.1 3303.01 33.7 460.08 34.17
38.0 0.0 4.0 49.0 12.0 794.0 3366.39 33.7 469.02 49.27
141.0 0.0 2.0 12.0 3.0 691.3 3685.44 45.79 516.76 59.37
141.0 0.0 2.0 12.0 3.0 677.0 3478.98 45.79 496.79 54.99
141.0 0.0 2.0 12.0 3.0 661.0 3335.19 45.37 503.0 54.99
141.0 0.0 2.0 12.0 3.0 637.4 3219.75 45.37 506.16 54.99
141.0 0.0 2.0 12.0 3.0 610.7 3112.58 45.15 511.82 53.97
141.0 0.0 2.0 12.0 3.0 567.3 3026.09 41.18 521.48 52.46
141.0 0.0 2.0 12.0 3.0 529.8 2997.03 41.18 520.8 53.32
141.0 0.0 2.0 12.0 3.0 510.5 2987.26 41.18 522.48 53.32
141.0 0.0 2.0 12.0 3.0 493.0 2973.6 41.18 528.39 53.32
141.0 0.0 2.0 12.0 3.0 486.0 2960.59 41.18 526.87 54.99
141.0 0.0 2.0 12.0 3.0 478.1 2957.56 46.86 591.51 59.15
141.0 0.0 2.0 12.0 3.0 471.1 3018.81 45.37 608.25 55.14
448.0 0.0 3.0 4.0 1.0 160.9 3993.12 48.75 521.78 56.53
448.0 0.0 3.0 4.0 1.0 160.1 3805.62 42.0 548.19 45.81
448.0 0.0 3.0 4.0 1.0 160.8 3649.19 42.0 576.28 45.81
448.0 0.0 3.0 4.0 1.0 168.8 3502.22 34.94 583.7 45.81
448.0 0.0 3.0 4.0 1.0 178.1 3412.62 34.94 596.24 40.79
448.0 0.0 3.0 4.0 1.0 190.7 3333.96 34.65 610.85 45.81
448.0 0.0 3.0 4.0 1.0 201.7 3299.93 34.65 648.29 40.79
448.0 0.0 3.0 4.0 1.0 200.8 3263.02 34.65 635.45 40.79
448.0 0.0 3.0 4.0 1.0 199.2 3229.62 34.65 633.11 40.79
448.0 0.0 3.0 4.0 1.0 191.3 3204.71 34.37 629.63 40.79
448.0 0.0 3.0 4.0 1.0 185.1 3223.14 34.94 654.29 40.91
448.0 0.0 3.0 4.0 1.0 182.0 3287.46 34.94 629.25 45.81
343.0 0.0 2.0 41.0 10.0 66.61 3395.02 38.98 597.05 39.98
343.0 0.0 2.0 41.0 10.0 62.29 3302.64 39.04 603.86 39.98
343.0 0.0 2.0 41.0 10.0 58.06 3181.01 38.0 611.14 39.98
343.0 0.0 2.0 41.0 10.0 62.07 3079.15 38.0 608.77 39.04
343.0 0.0 2.0 41.0 10.0 66.16 3000.12 38.0 600.16 39.04
343.0 0.0 2.0 41.0 10.0 70.39 2934.86 38.0 602.08 38.0
343.0 0.0 2.0 41.0 10.0 74.88 2879.49 37.65 610.37 38.0
343.0 0.0 2.0 41.0 10.0 79.73 2852.58 37.65 564.94 38.0
343.0 0.0 2.0 41.0 10.0 85.17 2851.07 35.69 565.6 38.0
343.0 0.0 2.0 41.0 10.0 90.61 2885.78 38.98 564.7 38.0
343.0 0.0 2.0 41.0 10.0 96.41 2913.84 38.98 570.61 39.04
343.0 0.0 2.0 41.0 10.0 102.46 3000.0 38.98 563.83 39.98
538.0 0.0 3.0 17.0 4.0 14.48 3424.49 42.93 615.09 45.9
538.0 0.0 3.0 17.0 4.0 14.33 3368.25 42.93 616.9 38.94
538.0 0.0 3.0 17.0 4.0 14.12 3252.97 40.37 615.42 33.8
538.0 0.0 3.0 17.0 4.0 16.57 3171.0 37.8 621.49 33.8
538.0 0.0 3.0 17.0 4.0 19.79 3090.25 42.93 633.58 33.8
538.0 0.0 3.0 17.0 4.0 24.33 3030.85 40.37 648.76 33.8
538.0 0.0 3.0 17.0 4.0 30.05 2964.13 40.37 666.05 33.8
538.0 0.0 3.0 17.0 4.0 37.76 2935.1 40.37 641.26 33.63
538.0 0.0 3.0 17.0 4.0 47.44 2909.48 40.37 640.56 33.63
538.0 0.0 3.0 17.0 4.0 59.12 2903.31 37.8 622.92 33.8
538.0 0.0 3.0 17.0 4.0 76.14 2932.9 42.93 646.0 33.8
538.0 0.0 3.0 17.0 4.0 98.17 3001.62 42.93 660.07 33.8
433.0 0.0 2.0 2.0 1.0 34.61 3861.42 50.93 571.68 48.83
433.0 0.0 2.0 2.0 1.0 34.52 3653.68 49.11 591.62 40.48
433.0 0.0 2.0 2.0 1.0 35.1 3482.41 49.11 583.43 40.48
433.0 0.0 2.0 2.0 1.0 36.79 3374.77 45.5 588.63 37.48
433.0 0.0 2.0 2.0 1.0 39.84 3266.23 44.75 557.89 37.48
433.0 0.0 2.0 2.0 1.0 44.96 3189.85 44.75 548.09 36.72
433.0 0.0 2.0 2.0 1.0 53.18 3111.64 44.75 532.6 36.72
433.0 0.0 2.0 2.0 1.0 59.18 3063.9 44.75 526.8 36.72
433.0 0.0 2.0 2.0 1.0 65.65 3075.05 44.75 527.79 36.72
433.0 0.0 2.0 2.0 1.0 72.61 3041.62 44.41 561.53 36.72
433.0 0.0 2.0 2.0 1.0 80.03 3024.67 44.75 612.52 36.72
433.0 0.0 2.0 2.0 1.0 87.95 3091.64 44.75 605.87 37.48
51.0 0.0 3.0 51.0 12.0 935.4 4093.11 42.93 423.13 42.87
51.0 0.0 3.0 51.0 12.0 918.9 3858.57 42.87 429.07 42.87
51.0 0.0 3.0 51.0 12.0 902.06 3715.68 42.87 418.54 42.72
51.0 0.0 3.0 51.0 12.0 885.21 3568.71 42.72 409.83 41.86
51.0 0.0 3.0 51.0 12.0 868.39 3467.26 42.72 396.2 27.04
51.0 0.0 3.0 51.0 12.0 861.91 3402.97 42.72 386.26 27.04
51.0 0.0 3.0 51.0 12.0 855.5 3298.62 41.86 390.51 27.04
51.0 0.0 3.0 51.0 12.0 849.08 3265.37 41.86 385.56 27.04
51.0 0.0 3.0 51.0 12.0 842.66 3274.09 41.86 399.05 27.04
51.0 0.0 3.0 51.0 12.0 835.9 3222.79 27.04 388.78 0.0
51.0 0.0 3.0 51.0 12.0 829.14 3230.71 27.04 381.15 27.04
51.0 0.0 3.0 51.0 12.0 852.83 3278.71 41.86 379.03 27.04
281.0 0.0 3.0 32.0 8.0 61.2 3185.46 44.2 561.47 43.15
281.0 0.0 3.0 32.0 8.0 59.0 3009.99 43.73 590.43 42.55
281.0 0.0 3.0 32.0 8.0 56.8 2877.46 43.73 593.86 42.52
281.0 0.0 3.0 32.0 8.0 55.8 2755.78 42.55 592.24 42.52
281.0 0.0 3.0 32.0 8.0 55.0 2679.83 42.55 564.11 42.52
281.0 0.0 3.0 32.0 8.0 54.3 2610.27 42.55 550.17 41.53
281.0 0.0 3.0 32.0 8.0 54.1 2566.79 42.24 552.97 41.53
281.0 0.0 3.0 32.0 8.0 54.0 2533.64 42.24 553.29 41.53
281.0 0.0 3.0 32.0 8.0 54.1 2537.94 42.24 556.92 41.53
281.0 0.0 3.0 32.0 8.0 54.0 2537.38 42.24 553.96 41.53
281.0 0.0 3.0 32.0 8.0 54.3 2573.2 42.55 564.23 42.52
281.0 0.0 3.0 32.0 8.0 54.7 2561.03 42.55 593.83 42.52
382.0 0.0 0.0 47.0 11.0 1501.7 3454.16 60.93 333.44 37.91
382.0 0.0 0.0 47.0 11.0 1506.9 3305.66 55.62 356.16 37.91
382.0 0.0 0.0 47.0 11.0 1511.7 3194.42 55.62 373.33 37.91
382.0 0.0 0.0 47.0 11.0 1515.0 3078.35 44.16 379.14 37.91
382.0 0.0 0.0 47.0 11.0 1518.6 3003.92 37.0 393.8 37.91
382.0 0.0 0.0 47.0 11.0 1521.7 2902.76 23.29 406.04 37.91
382.0 0.0 0.0 47.0 11.0 1523.7 2876.43 23.29 411.27 37.91
382.0 0.0 0.0 47.0 11.0 1522.5 2853.04 23.29 411.83 37.91
382.0 0.0 0.0 47.0 11.0 1516.6 2835.88 23.29 414.04 37.91
382.0 0.0 0.0 47.0 11.0 1500.0 2828.85 23.29 418.63 37.91
382.0 0.0 0.0 47.0 11.0 1482.1 2920.95 43.21 407.16 37.91
382.0 0.0 0.0 47.0 11.0 1464.7 3004.6 55.62 374.27 37.91
558.0 0.0 2.0 20.0 5.0 895.7 3333.51 35.19 255.11 33.44
558.0 0.0 2.0 20.0 5.0 869.7 3255.41 32.43 262.63 31.46
558.0 0.0 2.0 20.0 5.0 848.5 3135.12 32.43 257.49 31.46
558.0 0.0 2.0 20.0 5.0 839.6 3070.76 27.34 286.41 31.17
558.0 0.0 2.0 20.0 5.0 836.5 2986.08 27.34 282.37 31.17
558.0 0.0 2.0 20.0 5.0 848.4 2908.23 32.43 286.37 31.17
558.0 0.0 2.0 20.0 5.0 862.0 2856.39 32.43 287.29 31.17
558.0 0.0 2.0 20.0 5.0 881.3 2845.15 25.26 295.16 31.17
558.0 0.0 2.0 20.0 5.0 899.6 2858.36 32.43 310.66 26.93
558.0 0.0 2.0 20.0 5.0 916.0 2874.13 27.34 299.12 33.44
558.0 0.0 2.0 20.0 5.0 926.2 2900.64 35.19 299.81 33.44
558.0 0.0 2.0 20.0 5.0 924.5 2978.44 35.19 295.65 31.46
95.0 0.0 5.0 5.0 2.0 750.1 4112.71 48.29 533.53 49.22
95.0 0.0 5.0 5.0 2.0 739.3 3920.11 48.02 533.19 49.22
95.0 0.0 5.0 5.0 2.0 726.9 3778.23 48.02 543.02 48.29
95.0 0.0 5.0 5.0 2.0 714.7 3648.12 42.68 546.69 48.02
95.0 0.0 5.0 5.0 2.0 703.1 3527.31 42.68 532.98 48.02
95.0 0.0 5.0 5.0 2.0 697.5 3391.46 42.28 522.24 42.68
95.0 0.0 5.0 5.0 2.0 691.3 3296.23 42.28 498.4 42.68
95.0 0.0 5.0 5.0 2.0 681.6 3263.77 42.28 499.73 42.68
95.0 0.0 5.0 5.0 2.0 675.7 3225.63 42.28 493.5 42.68
95.0 0.0 5.0 5.0 2.0 674.5 3170.78 42.28 484.64 42.68
95.0 0.0 5.0 5.0 2.0 676.5 3140.64 42.28 485.03 42.68
95.0 0.0 5.0 5.0 2.0 686.2 3156.61 42.11 491.43 42.68
59.0 0.0 4.0 52.0 12.0 557.62 4108.1 44.52 387.2 72.89
59.0 0.0 4.0 52.0 12.0 486.51 3907.46 44.52 394.78 72.52
59.0 0.0 4.0 52.0 12.0 419.25 3753.05 44.1 381.74 70.78
59.0 0.0 4.0 52.0 12.0 355.61 3576.19 44.1 403.16 70.78
59.0 0.0 4.0 52.0 12.0 298.19 3425.88 44.1 420.06 70.78
59.0 0.0 4.0 52.0 12.0 296.22 3300.59 42.52 437.51 70.78
59.0 0.0 4.0 52.0 12.0 295.21 3208.73 42.52 457.09 70.78
59.0 0.0 4.0 52.0 12.0 295.68 3126.51 42.52 469.4 70.78
59.0 0.0 4.0 52.0 12.0 297.5 3069.07 42.39 471.69 71.75
59.0 0.0 4.0 52.0 12.0 300.68 2979.86 42.15 485.26 72.52
59.0 0.0 4.0 52.0 12.0 304.64 2912.91 40.42 489.37 72.52
59.0 0.0 4.0 52.0 12.0 351.12 2927.45 40.42 492.4 72.52
471.0 0.0 5.0 7.0 2.0 583.3 3967.59 49.22 468.63 48.98
471.0 0.0 5.0 7.0 2.0 570.8 3782.98 48.98 493.4 48.98
471.0 0.0 5.0 7.0 2.0 560.5 3617.17 43.88 502.58 48.98
471.0 0.0 5.0 7.0 2.0 553.9 3469.95 39.26 544.95 48.98
471.0 0.0 5.0 7.0 2.0 548.1 3354.42 34.52 557.03 48.14
471.0 0.0 5.0 7.0 2.0 546.0 3242.48 34.52 548.55 48.14
471.0 0.0 5.0 7.0 2.0 546.9 3164.67 34.52 538.71 48.14
471.0 0.0 5.0 7.0 2.0 556.3 3108.67 34.52 549.24 48.14
471.0 0.0 5.0 7.0 2.0 567.1 3090.8 34.52 545.03 39.4
471.0 0.0 5.0 7.0 2.0 578.3 3044.51 34.52 554.65 39.4
471.0 0.0 5.0 7.0 2.0 591.8 3084.74 34.52 556.78 39.4
471.0 0.0 5.0 7.0 2.0 611.9 3100.06 34.52 571.12 39.4
345.0 0.0 4.0 41.0 10.0 286.14 3402.59 38.34 439.06 69.4
345.0 0.0 4.0 41.0 10.0 277.25 3300.93 38.7 422.55 69.4
345.0 0.0 4.0 41.0 10.0 268.98 3176.93 38.7 428.18 69.66
345.0 0.0 4.0 41.0 10.0 264.62 3067.08 38.34 435.21 69.93
345.0 0.0 4.0 41.0 10.0 260.02 2980.16 38.34 442.22 69.93
345.0 0.0 4.0 41.0 10.0 255.4 2911.2 38.34 451.78 69.93
345.0 0.0 4.0 41.0 10.0 250.87 2836.32 38.34 448.56 69.93
345.0 0.0 4.0 41.0 10.0 246.75 2811.6 38.34 451.33 69.93
345.0 0.0 4.0 41.0 10.0 242.8 2796.72 38.34 450.33 69.93
345.0 0.0 4.0 41.0 10.0 240.71 2809.25 38.34 451.9 69.93
345.0 0.0 4.0 41.0 10.0 238.94 2863.97 38.34 466.02 69.93
345.0 0.0 4.0 41.0 10.0 237.56 2942.89 38.34 481.34 69.93
45.0 0.0 4.0 50.0 12.0 397.8 4245.62 44.17 576.04 44.65
45.0 0.0 4.0 50.0 12.0 438.7 4019.67 43.89 593.61 44.32
45.0 0.0 4.0 50.0 12.0 477.6 3815.27 43.48 605.92 43.98
45.0 0.0 4.0 50.0 12.0 507.5 3678.97 43.48 630.33 43.98
45.0 0.0 4.0 50.0 12.0 535.8 3556.49 43.17 627.76 43.88
45.0 0.0 4.0 50.0 12.0 562.4 3513.32 42.63 615.81 43.57
45.0 0.0 4.0 50.0 12.0 589.6 3392.42 27.81 592.92 43.57
45.0 0.0 4.0 50.0 12.0 616.1 3360.27 27.81 573.63 43.26
45.0 0.0 4.0 50.0 12.0 642.2 3346.0 27.81 545.73 42.72
45.0 0.0 4.0 50.0 12.0 661.4 3354.68 27.81 547.3 27.9
45.0 0.0 4.0 50.0 12.0 675.9 3350.25 27.81 535.05 27.9
45.0 0.0 4.0 50.0 12.0 675.5 3460.87 27.81 553.15 42.72
473.0 0.0 0.0 8.0 2.0 1328.0 3641.09 87.28 385.26 39.87
473.0 0.0 0.0 8.0 2.0 1318.8 3512.94 87.28 414.5 39.87
473.0 0.0 0.0 8.0 2.0 1307.2 3406.2 87.28 401.72 39.87
473.0 0.0 0.0 8.0 2.0 1291.0 3300.32 87.28 411.01 39.87
473.0 0.0 0.0 8.0 2.0 1275.9 3222.47 87.28 409.35 39.87
473.0 0.0 0.0 8.0 2.0 1266.3 3144.1 87.28 408.98 39.87
473.0 0.0 0.0 8.0 2.0 1255.9 3117.38 87.28 414.63 39.87
473.0 0.0 0.0 8.0 2.0 1245.8 3085.36 87.28 424.79 39.87
473.0 0.0 0.0 8.0 2.0 1236.1 3046.2 81.13 421.61 39.87
473.0 0.0 0.0 8.0 2.0 1227.6 3035.25 81.13 426.33 39.87
473.0 0.0 0.0 8.0 2.0 1219.0 3083.25 87.28 428.84 39.87
473.0 0.0 0.0 8.0 2.0 1204.4 3187.89 87.28 438.05 33.71
359.0 0.0 4.0 43.0 10.0 869.1 3443.79 49.07 477.3 37.83
359.0 0.0 4.0 43.0 10.0 874.1 3354.22 49.07 482.36 37.83
359.0 0.0 4.0 43.0 10.0 878.1 3219.18 49.07 539.17 37.83
359.0 0.0 4.0 43.0 10.0 875.4 3143.58 48.72 562.14 37.83
359.0 0.0 4.0 43.0 10.0 872.2 3053.2 48.72 549.03 37.83
359.0 0.0 4.0 43.0 10.0 871.7 2972.29 45.65 526.0 37.48
359.0 0.0 4.0 43.0 10.0 874.8 2921.42 45.65 498.01 37.48
359.0 0.0 4.0 43.0 10.0 887.0 2887.4 35.84 501.45 37.48
359.0 0.0 4.0 43.0 10.0 894.7 2873.72 35.84 479.14 37.48
359.0 0.0 4.0 43.0 10.0 888.3 2882.39 35.84 486.77 37.48
359.0 0.0 4.0 43.0 10.0 882.6 2924.22 48.72 471.26 37.48
359.0 0.0 4.0 43.0 10.0 878.8 3005.31 48.72 474.16 37.83
330.0 0.0 3.0 39.0 9.0 540.8 3206.21 54.44 479.17 70.85
330.0 0.0 3.0 39.0 9.0 508.5 3090.32 54.44 480.36 70.5
330.0 0.0 3.0 39.0 9.0 473.5 2948.49 54.44 519.84 70.5
330.0 0.0 3.0 39.0 9.0 436.8 2873.62 54.44 517.72 70.5
330.0 0.0 3.0 39.0 9.0 404.4 2832.92 54.44 506.79 67.87
330.0 0.0 3.0 39.0 9.0 388.4 2756.94 54.44 501.08 64.69
330.0 0.0 3.0 39.0 9.0 371.0 2669.0 54.44 462.46 67.87
330.0 0.0 3.0 39.0 9.0 348.9 2661.98 54.44 490.36 67.87
330.0 0.0 3.0 39.0 9.0 327.5 2657.33 54.44 481.52 67.87
330.0 0.0 3.0 39.0 9.0 310.8 2701.99 54.44 538.71 67.87
330.0 0.0 3.0 39.0 9.0 294.2 2748.09 54.44 608.26 72.9
330.0 0.0 3.0 39.0 9.0 277.7 2784.09 54.44 654.18 67.87
374.0 0.0 6.0 45.0 11.0 625.74 3576.94 39.8 508.14 42.88
374.0 0.0 6.0 45.0 11.0 592.35 3418.15 39.72 535.24 42.88
374.0 0.0 6.0 45.0 11.0 558.0 3287.68 39.44 563.27 42.88
374.0 0.0 6.0 45.0 11.0 523.91 3163.79 39.44 609.88 42.88
374.0 0.0 6.0 45.0 11.0 490.57 3061.36 39.44 619.81 42.88
374.0 0.0 6.0 45.0 11.0 458.12 2951.24 39.36 570.16 42.88
374.0 0.0 6.0 45.0 11.0 427.18 2871.79 39.36 575.58 42.52
374.0 0.0 6.0 45.0 11.0 395.84 2833.0 39.36 565.85 42.52
374.0 0.0 6.0 45.0 11.0 365.74 2818.84 39.36 584.33 42.88
374.0 0.0 6.0 45.0 11.0 337.11 2783.07 39.28 586.64 42.88
374.0 0.0 6.0 45.0 11.0 309.87 2845.05 39.44 608.48 42.88
374.0 0.0 6.0 45.0 11.0 284.43 2859.4 39.44 633.91 42.88
455.0 0.0 3.0 5.0 1.0 1477.4 4054.17 33.22 348.37 33.51
455.0 0.0 3.0 5.0 1.0 1461.6 3901.4 33.22 349.97 33.22
455.0 0.0 3.0 5.0 1.0 1446.2 3786.05 33.22 347.34 33.22
455.0 0.0 3.0 5.0 1.0 1433.6 3666.82 32.92 356.09 32.77
455.0 0.0 3.0 5.0 1.0 1423.6 3567.8 32.92 361.22 28.86
455.0 0.0 3.0 5.0 1.0 1418.2 3485.68 32.92 357.38 28.86
455.0 0.0 3.0 5.0 1.0 1411.4 3477.18 32.92 348.71 28.86
455.0 0.0 3.0 5.0 1.0 1402.5 3395.7 32.77 355.68 28.86
455.0 0.0 3.0 5.0 1.0 1396.3 3377.69 32.77 353.03 28.86
455.0 0.0 3.0 5.0 1.0 1396.5 3342.27 28.86 369.66 28.86
455.0 0.0 3.0 5.0 1.0 1396.0 3353.54 32.92 399.88 33.22
455.0 0.0 3.0 5.0 1.0 1392.1 3390.32 30.86 372.38 33.22
48.0 0.0 0.0 51.0 12.0 368.1 4131.86 46.08 505.53 45.32
48.0 0.0 0.0 51.0 12.0 398.66 3926.43 46.08 519.78 43.52
48.0 0.0 0.0 51.0 12.0 430.34 3819.25 45.94 512.17 43.11
48.0 0.0 0.0 51.0 12.0 462.75 3637.29 45.67 493.47 42.97
48.0 0.0 0.0 51.0 12.0 495.69 3512.33 45.67 441.97 42.97
48.0 0.0 0.0 51.0 12.0 519.54 3472.14 45.67 445.19 42.7
48.0 0.0 0.0 51.0 12.0 544.7 3403.93 45.05 445.23 42.7
48.0 0.0 0.0 51.0 12.0 570.67 3357.62 30.43 423.0 42.08
48.0 0.0 0.0 51.0 12.0 597.14 3355.05 30.43 403.15 0.0
48.0 0.0 0.0 51.0 12.0 623.88 3332.0 30.43 405.05 0.0
48.0 0.0 0.0 51.0 12.0 650.71 3313.01 30.43 403.85 0.0
48.0 0.0 0.0 51.0 12.0 680.99 3381.09 45.05 401.72 0.0
42.0 0.0 1.0 50.0 12.0 1117.1 3962.85 43.94 456.51 45.16
42.0 0.0 1.0 50.0 12.0 1119.2 3758.79 43.53 426.35 44.49
42.0 0.0 1.0 50.0 12.0 1124.4 3593.94 43.53 391.31 43.53
42.0 0.0 1.0 50.0 12.0 1136.1 3454.33 28.15 352.15 42.84
42.0 0.0 1.0 50.0 12.0 1141.4 3387.82 28.15 345.14 42.84
42.0 0.0 1.0 50.0 12.0 1128.1 3316.72 28.15 342.95 42.84
42.0 0.0 1.0 50.0 12.0 1111.2 3289.75 28.15 335.88 28.15
42.0 0.0 1.0 50.0 12.0 1088.7 3265.88 0.0 331.52 28.15
42.0 0.0 1.0 50.0 12.0 1065.1 3269.58 0.0 333.83 28.15
42.0 0.0 1.0 50.0 12.0 1037.5 3242.91 0.0 333.34 28.15
42.0 0.0 1.0 50.0 12.0 1012.8 3397.83 28.15 344.04 28.15
42.0 0.0 1.0 50.0 12.0 1001.6 3471.4 42.45 337.74 28.15
432.0 0.0 1.0 2.0 1.0 929.71 3862.6 42.76 356.15 44.69
432.0 0.0 1.0 2.0 1.0 910.44 3661.69 42.76 364.2 40.11
432.0 0.0 1.0 2.0 1.0 890.74 3504.26 42.0 388.03 44.69
432.0 0.0 1.0 2.0 1.0 870.73 3389.52 42.0 386.49 44.69
432.0 0.0 1.0 2.0 1.0 850.68 3261.87 42.0 429.11 39.55
432.0 0.0 1.0 2.0 1.0 831.23 3173.42 41.66 433.45 35.48
432.0 0.0 1.0 2.0 1.0 812.67 3114.14 41.66 439.71 35.17
432.0 0.0 1.0 2.0 1.0 812.85 3106.35 41.66 455.13 35.48
432.0 0.0 1.0 2.0 1.0 812.88 3139.52 41.66 459.44 35.48
432.0 0.0 1.0 2.0 1.0 812.21 3095.06 40.91 460.82 33.03
432.0 0.0 1.0 2.0 1.0 810.51 3086.09 42.76 471.46 44.69
432.0 0.0 1.0 2.0 1.0 808.03 3107.08 41.25 491.6 44.69
259.0 0.0 2.0 29.0 7.0 536.8 3158.34 40.86 486.24 43.28
259.0 0.0 2.0 29.0 7.0 522.2 2982.39 38.88 519.06 43.28
259.0 0.0 2.0 29.0 7.0 509.9 2849.25 38.52 521.51 43.28
259.0 0.0 2.0 29.0 7.0 505.6 2740.47 38.52 537.19 43.28
259.0 0.0 2.0 29.0 7.0 502.9 2660.84 38.52 538.77 43.28
259.0 0.0 2.0 29.0 7.0 501.0 2599.51 38.1 543.1 43.28
259.0 0.0 2.0 29.0 7.0 495.2 2563.5 38.1 553.49 43.28
259.0 0.0 2.0 29.0 7.0 473.1 2534.82 38.1 560.79 43.28
259.0 0.0 2.0 29.0 7.0 456.0 2521.79 38.1 560.23 43.28
259.0 0.0 2.0 29.0 7.0 454.3 2540.25 38.1 558.27 43.28
259.0 0.0 2.0 29.0 7.0 449.2 2536.24 38.52 573.55 43.28
259.0 0.0 2.0 29.0 7.0 434.2 2483.1 35.78 576.26 43.28
543.0 0.0 1.0 18.0 4.0 307.4 3301.73 66.59 627.81 71.44
543.0 0.0 1.0 18.0 4.0 279.4 3277.85 66.59 620.69 67.69
543.0 0.0 1.0 18.0 4.0 251.7 3165.94 58.63 634.39 59.73
543.0 0.0 1.0 18.0 4.0 222.0 3100.97 58.63 643.88 59.73
543.0 0.0 1.0 18.0 4.0 195.5 3019.98 58.63 643.59 59.73
543.0 0.0 1.0 18.0 4.0 176.8 2947.32 58.63 646.63 59.73
543.0 0.0 1.0 18.0 4.0 158.5 2910.7 58.63 600.49 59.34
543.0 0.0 1.0 18.0 4.0 143.5 2879.53 58.63 599.6 59.34
543.0 0.0 1.0 18.0 4.0 130.7 2873.85 58.63 620.86 59.34
543.0 0.0 1.0 18.0 4.0 125.0 2878.27 58.63 609.11 59.73
543.0 0.0 1.0 18.0 4.0 118.8 2926.55 58.63 621.26 59.73
543.0 0.0 1.0 18.0 4.0 111.1 2976.25 58.63 610.49 59.73
290.0 0.0 5.0 33.0 8.0 276.53 3117.66 45.47 466.86 44.38
290.0 0.0 5.0 33.0 8.0 276.85 2985.02 45.36 487.39 43.93
290.0 0.0 5.0 33.0 8.0 278.78 2851.28 45.36 496.63 43.93
290.0 0.0 5.0 33.0 8.0 273.17 2712.48 45.36 510.97 43.93
290.0 0.0 5.0 33.0 8.0 268.57 2606.0 45.36 513.41 43.93
290.0 0.0 5.0 33.0 8.0 265.07 2519.52 43.98 491.32 43.93
290.0 0.0 5.0 33.0 8.0 262.93 2473.6 43.98 492.08 42.61
290.0 0.0 5.0 33.0 8.0 262.53 2452.67 43.98 471.58 42.61
290.0 0.0 5.0 33.0 8.0 263.99 2428.93 43.98 476.86 42.61
290.0 0.0 5.0 33.0 8.0 259.21 2442.52 43.98 479.47 42.61
290.0 0.0 5.0 33.0 8.0 254.59 2495.56 45.36 493.62 43.93
290.0 0.0 5.0 33.0 8.0 249.53 2472.29 45.36 496.24 43.93
182.0 0.0 2.0 18.0 5.0 198.4 3429.61 87.1 522.12 70.56
182.0 0.0 2.0 18.0 5.0 184.04 3342.49 87.1 522.46 70.56
182.0 0.0 2.0 18.0 5.0 170.49 3204.88 86.69 507.53 70.15
182.0 0.0 2.0 18.0 5.0 161.25 3130.35 86.69 531.47 70.15
182.0 0.0 2.0 18.0 5.0 152.71 3071.54 86.69 531.34 70.15
182.0 0.0 2.0 18.0 5.0 144.61 3009.31 86.69 515.3 70.15
182.0 0.0 2.0 18.0 5.0 136.72 2959.4 86.69 524.06 70.15
182.0 0.0 2.0 18.0 5.0 129.42 2939.31 86.69 527.89 70.15
182.0 0.0 2.0 18.0 5.0 122.29 2915.7 84.92 532.27 70.15
182.0 0.0 2.0 18.0 5.0 116.47 2905.22 84.92 534.42 68.39
182.0 0.0 2.0 18.0 5.0 111.03 2943.23 88.45 581.71 72.33
182.0 0.0 2.0 18.0 5.0 105.84 2972.78 83.93 587.35 70.56
54.0 1.0 6.0 51.0 12.0 1225.85 4266.13 44.38 367.9 43.96
54.0 1.0 6.0 51.0 12.0 1251.7 4028.99 42.41 361.73 40.9
54.0 1.0 6.0 51.0 12.0 1274.87 3749.51 42.41 329.47 40.9
54.0 1.0 6.0 51.0 12.0 1295.29 3525.15 40.9 310.01 39.78
54.0 1.0 6.0 51.0 12.0 1313.02 3320.28 40.53 325.99 39.78
54.0 1.0 6.0 51.0 12.0 1323.4 3150.13 39.78 342.78 25.53
54.0 1.0 6.0 51.0 12.0 1332.34 3024.82 39.63 360.53 25.53
54.0 1.0 6.0 51.0 12.0 1339.95 2914.47 25.53 372.77 25.53
54.0 1.0 6.0 51.0 12.0 1346.25 2855.29 25.53 377.64 25.53
54.0 1.0 6.0 51.0 12.0 1351.21 2806.59 25.53 379.63 25.53
54.0 1.0 6.0 51.0 12.0 1354.97 2794.41 0.0 382.15 25.53
54.0 1.0 6.0 51.0 12.0 1366.84 2805.0 25.53 381.3 25.53
149.0 0.0 4.0 13.0 3.0 155.74 3469.51 56.35 547.57 50.9
149.0 0.0 4.0 13.0 3.0 158.34 3416.99 56.35 535.2 50.48
149.0 0.0 4.0 13.0 3.0 161.93 3278.77 55.81 508.63 50.48
149.0 0.0 4.0 13.0 3.0 153.76 3180.66 52.22 482.82 50.45
149.0 0.0 4.0 13.0 3.0 146.03 3071.04 48.99 480.67 49.94
149.0 0.0 4.0 13.0 3.0 138.73 3000.73 48.99 479.93 49.94
149.0 0.0 4.0 13.0 3.0 131.86 2943.66 48.58 484.43 49.94
149.0 0.0 4.0 13.0 3.0 125.36 2924.8 48.58 495.01 49.94
149.0 0.0 4.0 13.0 3.0 119.22 2876.77 47.95 504.0 50.45
149.0 0.0 4.0 13.0 3.0 119.44 2883.94 47.95 501.58 50.45
149.0 0.0 4.0 13.0 3.0 119.67 2952.97 55.19 534.58 50.51
149.0 0.0 4.0 13.0 3.0 119.96 3007.28 55.19 538.74 49.94
376.0 0.0 1.0 46.0 11.0 802.6 3702.84 43.3 491.41 39.07
376.0 0.0 1.0 46.0 11.0 858.2 3519.75 40.89 493.41 38.7
376.0 0.0 1.0 46.0 11.0 918.0 3384.2 40.89 473.59 38.7
376.0 0.0 1.0 46.0 11.0 992.4 3267.24 40.89 424.51 37.49
376.0 0.0 1.0 46.0 11.0 1066.2 3175.57 39.9 406.89 37.49
376.0 0.0 1.0 46.0 11.0 1129.5 3106.84 39.9 404.6 32.65
376.0 0.0 1.0 46.0 11.0 1189.4 3079.06 39.9 396.69 32.65
376.0 0.0 1.0 46.0 11.0 1237.7 3047.57 39.9 400.14 32.65
376.0 0.0 1.0 46.0 11.0 1280.1 3036.81 39.9 408.41 32.65
376.0 0.0 1.0 46.0 11.0 1307.8 3039.17 38.92 402.1 32.65
376.0 0.0 1.0 46.0 11.0 1331.3 3145.51 40.89 409.45 32.65
376.0 0.0 1.0 46.0 11.0 1345.1 3203.31 40.89 400.15 32.65
362.0 0.0 1.0 44.0 10.0 184.31 3371.65 43.92 596.82 46.83
362.0 0.0 1.0 44.0 10.0 188.13 3174.2 40.38 571.93 46.58
362.0 0.0 1.0 44.0 10.0 192.91 3024.31 38.9 554.14 46.58
362.0 0.0 1.0 44.0 10.0 198.98 2918.45 38.9 540.55 46.23
362.0 0.0 1.0 44.0 10.0 206.31 2847.3 38.9 547.4 46.23
362.0 0.0 1.0 44.0 10.0 215.07 2777.41 38.55 553.59 46.23
362.0 0.0 1.0 44.0 10.0 225.05 2716.28 38.55 552.91 46.23
362.0 0.0 1.0 44.0 10.0 219.01 2720.49 38.55 565.05 46.23
362.0 0.0 1.0 44.0 10.0 213.43 2725.46 38.55 561.7 46.23
362.0 0.0 1.0 44.0 10.0 208.3 2718.17 38.55 557.09 46.23
362.0 0.0 1.0 44.0 10.0 203.57 2736.69 38.9 575.1 46.23
362.0 0.0 1.0 44.0 10.0 198.78 2817.06 38.9 574.29 46.58
335.0 0.0 1.0 40.0 10.0 830.5 3235.88 38.64 513.25 38.64
335.0 0.0 1.0 40.0 10.0 839.5 3137.38 38.28 520.1 38.28
335.0 0.0 1.0 40.0 10.0 846.9 3037.45 38.28 491.96 38.28
335.0 0.0 1.0 40.0 10.0 846.2 2940.05 38.28 474.5 38.28
335.0 0.0 1.0 40.0 10.0 846.0 2871.82 37.39 466.93 35.09
335.0 0.0 1.0 40.0 10.0 846.5 2814.9 37.39 486.22 38.28
335.0 0.0 1.0 40.0 10.0 841.8 2763.48 37.39 494.01 38.28
335.0 0.0 1.0 40.0 10.0 824.1 2722.86 37.39 485.1 38.28
335.0 0.0 1.0 40.0 10.0 808.7 2734.2 37.39 482.88 34.72
335.0 0.0 1.0 40.0 10.0 801.2 2740.95 37.39 476.65 38.28
335.0 0.0 1.0 40.0 10.0 791.5 2878.63 38.28 489.41 34.72
335.0 0.0 1.0 40.0 10.0 778.6 2963.51 37.46 494.37 32.61
461.0 0.0 2.0 6.0 2.0 1501.8 3949.36 32.91 315.82 35.11
461.0 0.0 2.0 6.0 2.0 1500.1 3770.9 32.61 311.33 31.07
461.0 0.0 2.0 6.0 2.0 1498.9 3611.94 32.61 316.79 34.99
461.0 0.0 2.0 6.0 2.0 1499.0 3522.84 32.61 321.96 31.07
461.0 0.0 2.0 6.0 2.0 1499.6 3410.42 32.5 322.67 31.07
461.0 0.0 2.0 6.0 2.0 1503.5 3333.03 28.57 326.41 31.07
461.0 0.0 2.0 6.0 2.0 1506.4 3269.81 28.57 324.77 31.07
461.0 0.0 2.0 6.0 2.0 1502.9 3240.89 28.57 324.79 31.07
461.0 0.0 2.0 6.0 2.0 1499.1 3219.61 28.57 326.81 31.07
461.0 0.0 2.0 6.0 2.0 1490.4 3197.89 28.57 340.39 31.07
461.0 0.0 2.0 6.0 2.0 1478.8 3201.08 28.57 336.96 31.07
461.0 0.0 2.0 6.0 2.0 1456.4 3247.69 28.57 338.47 31.07
475.0 0.0 2.0 8.0 2.0 501.3 3969.06 54.45 449.93 35.72
475.0 0.0 2.0 8.0 2.0 512.5 3825.46 45.06 451.49 35.48
475.0 0.0 2.0 8.0 2.0 524.7 3681.28 44.04 452.77 35.48
475.0 0.0 2.0 8.0 2.0 537.7 3571.71 44.04 460.65 34.17
475.0 0.0 2.0 8.0 2.0 550.7 3479.44 44.04 454.15 34.17
475.0 0.0 2.0 8.0 2.0 563.0 3401.68 40.54 449.52 34.17
475.0 0.0 2.0 8.0 2.0 574.8 3343.56 40.54 449.73 34.17
475.0 0.0 2.0 8.0 2.0 585.9 3317.19 40.54 454.59 34.17
475.0 0.0 2.0 8.0 2.0 597.4 3308.11 40.54 465.15 34.17
475.0 0.0 2.0 8.0 2.0 609.3 3285.39 39.24 459.33 33.85
475.0 0.0 2.0 8.0 2.0 622.8 3294.8 39.24 443.56 33.85
475.0 0.0 2.0 8.0 2.0 644.4 3327.93 40.54 435.02 34.17
530.0 0.0 2.0 16.0 4.0 454.34 3540.14 83.0 479.9 61.94
530.0 0.0 2.0 16.0 4.0 494.68 3524.02 83.0 490.75 61.8
530.0 0.0 2.0 16.0 4.0 534.92 3424.04 83.0 490.16 54.83
530.0 0.0 2.0 16.0 4.0 629.86 3339.33 83.0 490.67 49.14
530.0 0.0 2.0 16.0 4.0 728.84 3274.86 83.0 469.3 48.41
530.0 0.0 2.0 16.0 4.0 829.93 3208.62 83.0 464.93 47.46
530.0 0.0 2.0 16.0 4.0 927.44 3143.54 83.0 433.03 46.1
530.0 0.0 2.0 16.0 4.0 1008.92 3112.46 83.0 418.33 46.09
530.0 0.0 2.0 16.0 4.0 1070.64 3082.95 83.0 393.52 46.06
530.0 0.0 2.0 16.0 4.0 1139.73 3079.25 83.0 369.58 46.06
530.0 0.0 2.0 16.0 4.0 1207.19 3112.6 94.71 360.34 46.09
530.0 0.0 2.0 16.0 4.0 1275.1 3153.43 96.2 358.87 46.09
199.0 0.0 5.0 20.0 5.0 378.73 3375.49 51.41 489.09 52.23
199.0 0.0 5.0 20.0 5.0 380.24 3283.91 51.41 495.23 47.14
199.0 0.0 5.0 20.0 5.0 381.57 3125.77 51.02 501.91 47.14
199.0 0.0 5.0 20.0 5.0 385.33 3001.9 51.02 482.7 46.75
199.0 0.0 5.0 20.0 5.0 389.51 2929.25 51.02 493.49 46.75
199.0 0.0 5.0 20.0 5.0 394.08 2826.34 48.73 508.32 46.75
199.0 0.0 5.0 20.0 5.0 399.06 2762.19 48.73 515.94 46.75
199.0 0.0 5.0 20.0 5.0 404.36 2694.54 48.56 517.79 46.75
199.0 0.0 5.0 20.0 5.0 409.77 2684.12 48.56 518.9 46.75
199.0 0.0 5.0 20.0 5.0 404.94 2696.2 48.56 518.76 46.75
199.0 0.0 5.0 20.0 5.0 399.73 2721.67 48.56 519.26 46.75
199.0 0.0 5.0 20.0 5.0 394.75 2623.7 48.56 514.96 46.75
239.0 0.0 3.0 26.0 6.0 293.5 3226.43 43.6 586.9 42.81
239.0 0.0 3.0 26.0 6.0 291.5 3046.98 40.48 605.52 39.55
239.0 0.0 3.0 26.0 6.0 295.3 2885.11 39.55 584.42 39.18
239.0 0.0 3.0 26.0 6.0 316.9 2774.52 39.18 567.67 39.18
239.0 0.0 3.0 26.0 6.0 336.7 2694.39 39.18 552.82 39.18
239.0 0.0 3.0 26.0 6.0 352.4 2625.63 39.18 552.44 39.18
239.0 0.0 3.0 26.0 6.0 369.9 2588.17 39.18 529.25 39.18
239.0 0.0 3.0 26.0 6.0 394.0 2568.99 39.18 529.59 39.18
239.0 0.0 3.0 26.0 6.0 409.1 2560.42 39.18 539.48 39.18
239.0 0.0 3.0 26.0 6.0 405.4 2540.49 39.18 536.78 39.18
239.0 0.0 3.0 26.0 6.0 400.9 2504.22 39.18 556.15 39.18
239.0 0.0 3.0 26.0 6.0 394.5 2525.06 39.18 593.89 39.18
132.0 0.0 0.0 11.0 3.0 15.9 3528.45 87.47 549.09 81.02
132.0 0.0 0.0 11.0 3.0 12.98 3393.17 87.11 547.33 78.57
132.0 0.0 0.0 11.0 3.0 10.67 3311.81 86.94 543.81 78.57
132.0 0.0 0.0 11.0 3.0 8.78 3226.9 86.56 557.09 77.84
132.0 0.0 0.0 11.0 3.0 7.25 3150.94 86.56 550.23 74.69
132.0 0.0 0.0 11.0 3.0 6.04 3102.5 86.56 553.68 74.69
132.0 0.0 0.0 11.0 3.0 4.94 3035.71 85.03 559.11 74.69
132.0 0.0 0.0 11.0 3.0 5.32 2983.11 82.67 565.97 74.69
132.0 0.0 0.0 11.0 3.0 5.73 2997.31 82.67 563.7 74.69
132.0 0.0 0.0 11.0 3.0 6.18 2975.2 82.67 563.92 74.69
132.0 0.0 0.0 11.0 3.0 6.67 3005.08 86.26 574.25 78.28
132.0 0.0 0.0 11.0 3.0 7.2 3087.72 86.26 563.22 78.57
442.0 0.0 4.0 3.0 1.0 1108.9 3945.65 49.67 369.88 52.58
442.0 0.0 4.0 3.0 1.0 1095.73 3742.04 49.34 359.4 52.1
442.0 0.0 4.0 3.0 1.0 1075.06 3591.9 49.34 349.95 51.77
442.0 0.0 4.0 3.0 1.0 1047.29 3454.13 48.23 361.19 50.39
442.0 0.0 4.0 3.0 1.0 1014.73 3360.88 47.96 363.48 47.64
442.0 0.0 4.0 3.0 1.0 989.82 3284.58 47.96 367.18 47.64
442.0 0.0 4.0 3.0 1.0 970.21 3197.71 45.21 356.63 47.64
442.0 0.0 4.0 3.0 1.0 975.26 3171.03 45.21 378.28 47.64
442.0 0.0 4.0 3.0 1.0 979.26 3144.61 45.21 371.36 47.64
442.0 0.0 4.0 3.0 1.0 981.46 3132.02 47.96 377.47 47.64
442.0 0.0 4.0 3.0 1.0 982.03 3124.95 48.55 373.6 47.64
442.0 0.0 4.0 3.0 1.0 979.23 3174.8 45.21 376.93 47.64
