201.0 0.0 0.0 21.0 5.0 77.77 3180.03 43.86 513.31 44.34
201.0 0.0 0.0 21.0 5.0 80.38 3058.11 42.39 524.3 44.34
201.0 0.0 0.0 21.0 5.0 83.52 2901.79 42.39 546.71 44.34
201.0 0.0 0.0 21.0 5.0 88.14 2814.45 42.01 541.61 43.53
201.0 0.0 0.0 21.0 5.0 92.99 2748.33 42.01 550.65 43.53
201.0 0.0 0.0 21.0 5.0 97.85 2673.59 42.01 553.62 42.03
201.0 0.0 0.0 21.0 5.0 103.47 2619.56 42.01 531.84 42.03
201.0 0.0 0.0 21.0 5.0 109.72 2624.06 42.01 525.66 42.03
201.0 0.0 0.0 21.0 5.0 116.43 2615.36 42.01 539.82 42.03
201.0 0.0 0.0 21.0 5.0 110.71 2611.22 42.01 522.98 42.03
201.0 0.0 0.0 21.0 5.0 105.19 2600.48 42.01 555.66 42.03
201.0 0.0 0.0 21.0 5.0 99.75 2585.0 42.01 599.61 42.03
201.0 0.0 0.0 21.0 5.0 94.2 2693.19 43.75 675.05 43.28
201.0 0.0 0.0 21.0 5.0 88.62 2979.61 45.02 668.83 43.75
201.0 0.0 0.0 21.0 5.0 82.97 3342.26 45.45 692.95 45.45
201.0 0.0 0.0 21.0 5.0 81.47 3711.23 55.05 646.05 60.69
201.0 0.0 0.0 21.0 5.0 76.99 4058.03 47.11 603.46 63.34
201.0 0.0 0.0 21.0 5.0 76.45 4279.25 104.03 571.02 91.11
201.0 0.0 0.0 21.0 5.0 77.92 4361.26 114.61 574.58 93.79
201.0 0.0 0.0 21.0 5.0 79.95 4456.63 167.33 561.2 99.93
398.0 0.0 2.0 49.0 12.0 784.3 4151.46 48.64 524.83 40.86
398.0 0.0 2.0 49.0 12.0 771.1 3955.34 46.5 493.95 40.86
398.0 0.0 2.0 49.0 12.0 757.53 3820.54 46.5 503.75 39.72
398.0 0.0 2.0 49.0 12.0 744.18 3702.91 46.5 480.7 37.57
398.0 0.0 2.0 49.0 12.0 731.13 3603.24 46.5 475.82 37.57
398.0 0.0 2.0 49.0 12.0 719.34 3527.44 46.5 488.55 37.57
398.0 0.0 2.0 49.0 12.0 708.93 3480.35 46.5 478.17 37.57
398.0 0.0 2.0 49.0 12.0 668.98 3434.53 46.5 484.12 37.57
398.0 0.0 2.0 49.0 12.0 626.45 3434.53 46.5 489.11 37.57
398.0 0.0 2.0 49.0 12.0 583.14 3415.8 46.5 486.75 37.57
398.0 0.0 2.0 49.0 12.0 541.9 3451.31 48.64 497.52 37.57
398.0 0.0 2.0 49.0 12.0 503.11 3499.06 50.81 518.26 39.72
398.0 0.0 2.0 49.0 12.0 466.31 3590.35 47.06 559.91 47.06
398.0 0.0 2.0 49.0 12.0 418.67 3936.15 51.92 573.21 52.38
398.0 0.0 2.0 49.0 12.0 371.82 4350.49 54.94 568.03 55.91
398.0 0.0 2.0 49.0 12.0 327.39 4878.75 56.48 527.78 64.67
398.0 0.0 2.0 49.0 12.0 285.61 5017.93 60.88 515.36 67.14
398.0 0.0 2.0 49.0 12.0 248.42 5029.22 60.93 516.74 67.14
398.0 0.0 2.0 49.0 12.0 215.74 5067.6 61.09 517.07 67.14
398.0 0.0 2.0 49.0 12.0 197.77 5183.36 68.91 519.14 72.76
484.0 0.0 4.0 9.0 3.0 325.55 4046.83 48.53 507.96 48.15
484.0 0.0 4.0 9.0 3.0 308.07 3886.23 48.2 532.95 42.94
484.0 0.0 4.0 9.0 3.0 291.61 3774.84 48.2 553.61 48.0
484.0 0.0 4.0 9.0 3.0 276.21 3664.25 48.2 566.41 42.94
484.0 0.0 4.0 9.0 3.0 261.33 3562.76 42.4 595.23 40.2
484.0 0.0 4.0 9.0 3.0 246.6 3496.42 35.12 589.08 40.2
484.0 0.0 4.0 9.0 3.0 232.18 3426.34 35.12 606.52 40.2
484.0 0.0 4.0 9.0 3.0 221.28 3385.31 44.02 598.52 40.2
484.0 0.0 4.0 9.0 3.0 211.14 3385.73 35.12 605.55 40.2
484.0 0.0 4.0 9.0 3.0 201.57 3328.35 44.0 605.71 40.2
484.0 0.0 4.0 9.0 3.0 191.94 3350.58 35.12 620.54 40.2
484.0 0.0 4.0 9.0 3.0 182.72 3374.92 44.02 606.3 40.2
484.0 0.0 4.0 9.0 3.0 174.21 3555.43 47.53 635.04 48.57
484.0 0.0 4.0 9.0 3.0 165.54 3830.31 49.54 598.65 49.96
484.0 0.0 4.0 9.0 3.0 155.72 4220.0 50.1 569.62 52.02
484.0 0.0 4.0 9.0 3.0 145.49 4534.58 52.42 534.46 64.89
484.0 0.0 4.0 9.0 3.0 134.98 4720.63 57.28 516.92 64.89
484.0 0.0 4.0 9.0 3.0 125.84 4835.14 57.28 508.64 73.97
484.0 0.0 4.0 9.0 3.0 116.65 4958.95 52.42 502.52 79.61
484.0 0.0 4.0 9.0 3.0 131.2 5140.66 57.28 481.37 80.84
253.0 0.0 3.0 28.0 7.0 46.98 3257.11 52.16 667.85 41.84
253.0 0.0 3.0 28.0 7.0 37.01 3076.79 50.23 688.03 41.84
253.0 0.0 3.0 28.0 7.0 29.61 2931.59 50.23 669.83 39.9
253.0 0.0 3.0 28.0 7.0 24.02 2801.89 49.85 658.68 39.9
253.0 0.0 3.0 28.0 7.0 20.06 2706.99 49.85 703.13 39.9
253.0 0.0 3.0 28.0 7.0 17.36 2636.31 49.85 695.29 39.52
253.0 0.0 3.0 28.0 7.0 16.04 2593.09 48.13 696.04 39.52
253.0 0.0 3.0 28.0 7.0 15.82 2572.92 48.13 690.85 39.52
253.0 0.0 3.0 28.0 7.0 16.27 2562.03 48.13 679.58 39.52
253.0 0.0 3.0 28.0 7.0 25.38 2565.21 48.13 667.62 39.52
253.0 0.0 3.0 28.0 7.0 39.81 2514.42 49.85 669.62 39.52
253.0 0.0 3.0 28.0 7.0 58.5 2503.54 48.13 652.81 39.52
253.0 0.0 3.0 28.0 7.0 81.42 2540.51 50.35 665.57 41.5
253.0 0.0 3.0 28.0 7.0 107.76 2736.13 50.35 657.1 41.5
253.0 0.0 3.0 28.0 7.0 136.18 2984.0 50.35 614.37 45.48
253.0 0.0 3.0 28.0 7.0 160.47 3303.23 54.75 597.09 47.59
253.0 0.0 3.0 28.0 7.0 188.24 3569.2 54.75 563.88 47.6
253.0 0.0 3.0 28.0 7.0 220.51 3829.91 56.44 523.24 47.82
253.0 0.0 3.0 28.0 7.0 258.18 4007.04 56.44 516.58 47.82
253.0 0.0 3.0 28.0 7.0 300.83 4114.96 59.82 506.03 50.25
694.0 0.0 5.0 39.0 9.0 398.1 3237.57 55.88 409.03 56.25
694.0 0.0 5.0 39.0 9.0 410.5 3100.34 54.55 417.87 56.25
694.0 0.0 5.0 39.0 9.0 421.5 2980.84 47.79 437.07 48.78
694.0 0.0 5.0 39.0 9.0 429.6 2873.41 41.21 456.92 42.48
694.0 0.0 5.0 39.0 9.0 433.8 2796.13 41.81 443.46 41.49
694.0 0.0 5.0 39.0 9.0 424.3 2712.43 41.81 440.57 41.49
694.0 0.0 5.0 39.0 9.0 414.3 2648.75 41.81 470.54 41.49
694.0 0.0 5.0 39.0 9.0 401.8 2607.71 41.21 482.46 38.38
694.0 0.0 5.0 39.0 9.0 385.8 2605.55 41.21 466.34 41.49
694.0 0.0 5.0 39.0 9.0 358.8 2617.72 41.81 465.32 41.49
694.0 0.0 5.0 39.0 9.0 334.8 2719.82 41.2 476.81 41.49
694.0 0.0 5.0 39.0 9.0 316.2 2749.49 41.81 544.95 41.49
694.0 0.0 5.0 39.0 9.0 298.4 2810.6 45.98 526.57 51.92
694.0 0.0 5.0 39.0 9.0 282.7 2895.29 45.98 556.4 58.36
694.0 0.0 5.0 39.0 9.0 267.3 2956.2 48.94 540.91 58.36
694.0 0.0 5.0 39.0 9.0 256.1 3077.92 48.94 532.99 64.76
694.0 0.0 5.0 39.0 9.0 246.5 3307.44 61.3 515.75 65.55
694.0 0.0 5.0 39.0 9.0 246.1 3575.27 64.37 498.47 66.58
694.0 0.0 5.0 39.0 9.0 247.8 3812.55 62.09 476.7 67.05
694.0 0.0 5.0 39.0 9.0 252.6 3976.98 68.2 452.21 67.07
36.0 0.0 2.0 49.0 12.0 1082.3 4097.71 43.29 367.87 42.04
36.0 0.0 2.0 49.0 12.0 1089.8 3870.24 42.53 347.8 41.98
36.0 0.0 2.0 49.0 12.0 1097.5 3707.74 42.53 342.33 41.98
36.0 0.0 2.0 49.0 12.0 1107.3 3563.91 42.04 348.34 27.54
36.0 0.0 2.0 49.0 12.0 1115.7 3453.22 41.98 341.01 27.54
36.0 0.0 2.0 49.0 12.0 1118.4 3362.75 41.25 339.03 0.0
36.0 0.0 2.0 49.0 12.0 1121.2 3304.99 27.54 348.88 27.54
36.0 0.0 2.0 49.0 12.0 1124.0 3255.74 27.54 361.11 0.0
36.0 0.0 2.0 49.0 12.0 1125.3 3228.24 27.54 354.51 0.0
36.0 0.0 2.0 49.0 12.0 1121.6 3192.05 27.54 357.35 0.0
36.0 0.0 2.0 49.0 12.0 1119.8 3195.35 27.54 357.4 27.54
36.0 0.0 2.0 49.0 12.0 1119.5 3214.72 27.54 363.08 27.54
36.0 0.0 2.0 49.0 12.0 1117.7 3328.93 27.51 350.67 27.51
36.0 0.0 2.0 49.0 12.0 1114.7 3616.94 42.01 336.01 42.59
36.0 0.0 2.0 49.0 12.0 1110.9 3956.14 42.37 354.19 44.33
36.0 0.0 2.0 49.0 12.0 1107.9 4428.11 42.97 380.21 58.11
36.0 0.0 2.0 49.0 12.0 1101.9 4656.24 44.33 400.49 44.81
36.0 0.0 2.0 49.0 12.0 1088.0 4684.81 43.34 436.66 44.81
36.0 0.0 2.0 49.0 12.0 1075.7 4841.97 44.33 442.13 44.33
36.0 0.0 2.0 49.0 12.0 1066.2 5038.62 55.7 425.56 44.33
115.0 0.0 4.0 8.0 2.0 798.62 3940.37 52.4 455.3 80.97
115.0 0.0 4.0 8.0 2.0 805.68 3791.72 50.73 427.69 79.6
115.0 0.0 4.0 8.0 2.0 812.59 3651.16 50.73 421.49 79.6
115.0 0.0 4.0 8.0 2.0 819.35 3529.59 50.34 435.84 79.6
115.0 0.0 4.0 8.0 2.0 825.99 3411.88 50.34 427.47 72.76
115.0 0.0 4.0 8.0 2.0 832.31 3314.62 50.34 433.45 67.88
115.0 0.0 4.0 8.0 2.0 838.55 3263.32 48.97 433.38 67.88
115.0 0.0 4.0 8.0 2.0 827.52 3227.46 48.97 445.41 67.88
115.0 0.0 4.0 8.0 2.0 815.58 3221.19 48.97 457.81 67.88
115.0 0.0 4.0 8.0 2.0 802.88 3198.28 48.97 452.64 67.88
115.0 0.0 4.0 8.0 2.0 789.65 3221.82 50.17 468.73 67.88
115.0 0.0 4.0 8.0 2.0 776.68 3270.14 50.17 481.82 73.44
115.0 0.0 4.0 8.0 2.0 764.54 3389.89 43.83 501.86 42.48
115.0 0.0 4.0 8.0 2.0 686.39 3740.49 44.06 509.66 43.83
115.0 0.0 4.0 8.0 2.0 611.98 4074.01 46.97 544.01 45.47
115.0 0.0 4.0 8.0 2.0 544.08 4469.17 51.28 559.69 46.99
115.0 0.0 4.0 8.0 2.0 484.38 4677.27 51.28 558.9 46.99
115.0 0.0 4.0 8.0 2.0 432.57 4671.45 49.53 572.77 46.99
115.0 0.0 4.0 8.0 2.0 387.16 4765.29 51.28 573.25 51.28
115.0 0.0 4.0 8.0 2.0 349.68 4879.09 51.28 561.76 51.28
601.0 0.0 3.0 26.0 6.0 97.13 3175.28 54.15 657.99 42.19
601.0 0.0 3.0 26.0 6.0 91.48 3026.49 47.1 680.98 39.96
601.0 0.0 3.0 26.0 6.0 86.73 2891.3 46.77 681.37 41.82
601.0 0.0 3.0 26.0 6.0 87.89 2803.93 46.77 636.5 39.96
601.0 0.0 3.0 26.0 6.0 89.51 2714.57 46.77 611.55 39.96
601.0 0.0 3.0 26.0 6.0 91.57 2665.74 45.23 604.8 39.96
601.0 0.0 3.0 26.0 6.0 94.32 2630.67 45.23 594.86 39.96
601.0 0.0 3.0 26.0 6.0 97.68 2599.54 45.23 597.77 39.96
601.0 0.0 3.0 26.0 6.0 101.47 2583.23 45.23 585.4 39.96
601.0 0.0 3.0 26.0 6.0 110.8 2575.56 45.23 577.5 39.68
601.0 0.0 3.0 26.0 6.0 120.91 2556.71 45.23 563.28 39.68
601.0 0.0 3.0 26.0 6.0 131.33 2625.66 45.23 522.57 39.68
601.0 0.0 3.0 26.0 6.0 142.21 2786.79 38.71 572.07 39.12
601.0 0.0 3.0 26.0 6.0 153.47 3078.2 47.21 510.33 42.54
601.0 0.0 3.0 26.0 6.0 162.42 3394.24 53.28 526.01 42.54
601.0 0.0 3.0 26.0 6.0 171.01 3741.96 62.17 485.1 57.05
601.0 0.0 3.0 26.0 6.0 180.16 4001.44 63.43 510.44 66.32
601.0 0.0 3.0 26.0 6.0 191.04 4241.05 63.41 490.36 69.36
601.0 0.0 3.0 26.0 6.0 200.13 4335.39 63.38 491.85 71.39
601.0 0.0 3.0 26.0 6.0 208.69 4398.03 63.34 475.46 70.72
423.0 0.0 6.0 52.0 12.0 1345.3 3978.57 48.0 312.52 52.7
423.0 0.0 6.0 52.0 12.0 1328.9 3818.98 54.64 302.96 39.42
423.0 0.0 6.0 52.0 12.0 1316.7 3660.16 39.42 299.83 37.24
423.0 0.0 6.0 52.0 12.0 1316.7 3539.16 37.24 300.84 36.89
423.0 0.0 6.0 52.0 12.0 1319.1 3363.89 38.24 305.54 36.89
423.0 0.0 6.0 52.0 12.0 1329.1 3249.13 37.24 316.16 36.89
423.0 0.0 6.0 52.0 12.0 1342.6 3102.04 36.89 318.34 36.89
423.0 0.0 6.0 52.0 12.0 1361.9 3030.52 36.89 329.54 36.89
423.0 0.0 6.0 52.0 12.0 1378.6 2958.04 36.89 332.87 36.89
423.0 0.0 6.0 52.0 12.0 1389.0 2844.11 36.89 337.57 36.89
423.0 0.0 6.0 52.0 12.0 1398.4 2794.09 36.89 369.69 36.89
423.0 0.0 6.0 52.0 12.0 1404.5 2783.89 36.89 368.13 36.89
423.0 0.0 6.0 52.0 12.0 1411.5 2834.98 29.64 359.12 29.64
423.0 0.0 6.0 52.0 12.0 1421.4 2878.79 29.64 343.39 29.64
423.0 0.0 6.0 52.0 12.0 1428.7 2939.8 29.64 356.41 29.64
423.0 0.0 6.0 52.0 12.0 1428.0 3033.18 29.65 331.83 29.64
423.0 0.0 6.0 52.0 12.0 1427.2 3079.99 29.64 340.8 29.64
423.0 0.0 6.0 52.0 12.0 1423.0 3090.33 29.64 344.63 29.64
423.0 0.0 6.0 52.0 12.0 1417.6 3265.09 31.19 327.06 33.63
423.0 0.0 6.0 52.0 12.0 1410.5 3474.84 39.2 299.64 39.2
279.0 0.0 1.0 32.0 8.0 74.31 2910.65 68.93 572.84 51.31
279.0 0.0 1.0 32.0 8.0 73.26 2780.39 68.6 594.36 50.9
279.0 0.0 1.0 32.0 8.0 73.0 2641.53 68.32 596.6 50.7
279.0 0.0 1.0 32.0 8.0 74.41 2538.01 66.3 563.34 48.6
279.0 0.0 1.0 32.0 8.0 76.14 2487.23 66.3 528.77 48.23
279.0 0.0 1.0 32.0 8.0 78.36 2421.33 66.3 522.5 48.23
279.0 0.0 1.0 32.0 8.0 81.1 2392.96 65.93 509.25 48.23
279.0 0.0 1.0 32.0 8.0 84.13 2357.26 65.93 505.31 48.23
279.0 0.0 1.0 32.0 8.0 87.47 2362.09 65.93 496.47 48.23
279.0 0.0 1.0 32.0 8.0 89.84 2386.72 63.64 493.08 46.13
279.0 0.0 1.0 32.0 8.0 92.73 2434.46 68.6 524.86 50.7
279.0 0.0 1.0 32.0 8.0 95.12 2402.5 66.3 536.09 46.5
279.0 0.0 1.0 32.0 8.0 98.1 2497.15 41.58 561.06 41.59
279.0 0.0 1.0 32.0 8.0 101.71 2670.01 41.76 580.06 41.77
279.0 0.0 1.0 32.0 8.0 106.18 2976.81 44.02 570.04 44.03
279.0 0.0 1.0 32.0 8.0 96.35 3293.04 44.24 558.32 44.28
279.0 0.0 1.0 32.0 8.0 87.65 3600.96 46.51 544.57 47.49
279.0 0.0 1.0 32.0 8.0 80.18 3854.39 47.48 522.92 56.63
279.0 0.0 1.0 32.0 8.0 73.8 4069.81 74.03 504.75 61.31
279.0 0.0 1.0 32.0 8.0 68.88 4199.59 77.1 489.03 68.92
769.0 0.0 3.0 50.0 12.0 1518.14 3739.28 37.29 442.72 43.96
769.0 0.0 3.0 50.0 12.0 1514.73 3553.56 32.3 435.99 42.32
769.0 0.0 3.0 50.0 12.0 1509.35 3435.07 32.3 463.54 42.32
769.0 0.0 3.0 50.0 12.0 1501.33 3296.84 32.3 453.63 42.04
769.0 0.0 3.0 50.0 12.0 1490.21 3185.16 30.66 432.43 42.04
769.0 0.0 3.0 50.0 12.0 1475.55 3093.77 30.66 409.2 42.04
769.0 0.0 3.0 50.0 12.0 1457.01 3066.25 30.66 426.08 17.02
769.0 0.0 3.0 50.0 12.0 1441.9 3035.2 30.38 410.36 14.8
769.0 0.0 3.0 50.0 12.0 1424.72 3022.73 30.38 410.01 13.85
769.0 0.0 3.0 50.0 12.0 1405.42 3014.88 30.38 407.24 13.37
769.0 0.0 3.0 50.0 12.0 1383.72 3046.7 29.02 393.18 30.41
769.0 0.0 3.0 50.0 12.0 1359.41 3118.22 32.3 401.77 42.04
769.0 0.0 3.0 50.0 12.0 1333.14 3271.25 49.18 405.4 32.3
769.0 0.0 3.0 50.0 12.0 1324.25 3549.99 57.35 467.68 33.88
769.0 0.0 3.0 50.0 12.0 1314.63 3985.62 63.04 465.67 51.19
769.0 0.0 3.0 50.0 12.0 1304.33 4474.8 88.52 446.37 59.07
769.0 0.0 3.0 50.0 12.0 1293.34 4755.84 62.1 441.0 61.13
769.0 0.0 3.0 50.0 12.0 1281.91 4742.25 62.09 436.81 61.13
769.0 0.0 3.0 50.0 12.0 1270.18 4781.55 63.61 441.26 61.13
769.0 0.0 3.0 50.0 12.0 1267.49 4833.22 65.96 441.61 61.13
358.0 0.0 3.0 43.0 10.0 505.89 3368.79 37.41 569.29 37.76
358.0 0.0 3.0 43.0 10.0 504.55 3303.43 38.34 580.2 37.76
358.0 0.0 3.0 43.0 10.0 503.4 3227.2 37.69 583.14 37.76
358.0 0.0 3.0 43.0 10.0 505.98 3159.84 37.41 583.91 37.41
358.0 0.0 3.0 43.0 10.0 508.78 3060.32 37.76 566.4 37.41
358.0 0.0 3.0 43.0 10.0 511.65 2990.18 37.41 571.01 37.41
358.0 0.0 3.0 43.0 10.0 514.51 2938.48 37.41 597.95 37.41
358.0 0.0 3.0 43.0 10.0 517.36 2889.29 37.41 598.86 37.41
358.0 0.0 3.0 43.0 10.0 520.28 2892.68 37.41 604.15 37.41
358.0 0.0 3.0 43.0 10.0 516.62 2891.12 37.41 595.66 37.41
358.0 0.0 3.0 43.0 10.0 513.02 2941.52 37.76 613.25 37.41
358.0 0.0 3.0 43.0 10.0 509.05 2980.2 37.76 596.49 37.76
358.0 0.0 3.0 43.0 10.0 505.02 3144.66 49.07 607.73 21.8
358.0 0.0 3.0 43.0 10.0 501.08 3448.96 49.07 643.86 42.8
358.0 0.0 3.0 43.0 10.0 496.91 3881.55 65.41 616.65 53.33
358.0 0.0 3.0 43.0 10.0 500.72 4346.87 67.61 571.9 53.86
358.0 0.0 3.0 43.0 10.0 504.6 4694.38 67.89 527.45 54.05
358.0 0.0 3.0 43.0 10.0 507.86 4777.62 71.95 502.05 54.88
358.0 0.0 3.0 43.0 10.0 510.07 4793.61 72.66 498.41 54.05
358.0 0.0 3.0 43.0 10.0 511.87 4814.8 73.83 505.34 54.05
402.0 0.0 6.0 49.0 12.0 606.4 4039.75 53.76 513.47 51.32
402.0 0.0 6.0 49.0 12.0 619.4 3868.64 52.97 528.58 39.28
402.0 0.0 6.0 49.0 12.0 632.1 3723.38 51.95 512.03 39.28
402.0 0.0 6.0 49.0 12.0 641.9 3597.52 51.95 502.32 38.96
402.0 0.0 6.0 49.0 12.0 650.2 3465.14 39.28 529.2 38.96
402.0 0.0 6.0 49.0 12.0 651.3 3343.67 39.14 504.66 38.96
402.0 0.0 6.0 49.0 12.0 652.5 3248.74 37.83 480.8 37.83
402.0 0.0 6.0 49.0 12.0 656.8 3198.9 37.83 500.2 37.83
402.0 0.0 6.0 49.0 12.0 657.8 3133.72 37.83 486.46 37.83
402.0 0.0 6.0 49.0 12.0 658.9 3071.09 37.83 482.43 37.83
402.0 0.0 6.0 49.0 12.0 657.4 3043.37 37.83 514.07 37.83
402.0 0.0 6.0 49.0 12.0 651.4 3036.48 37.83 512.68 37.83
402.0 0.0 6.0 49.0 12.0 643.1 3056.0 39.31 514.02 38.01
402.0 0.0 6.0 49.0 12.0 634.5 3101.75 38.0 513.37 38.01
402.0 0.0 6.0 49.0 12.0 622.8 3154.28 38.0 495.01 38.01
402.0 0.0 6.0 49.0 12.0 606.2 3241.4 38.0 523.14 38.01
402.0 0.0 6.0 49.0 12.0 590.3 3320.65 38.0 555.13 38.01
402.0 0.0 6.0 49.0 12.0 580.8 3380.16 39.31 513.73 39.32
402.0 0.0 6.0 49.0 12.0 571.8 3595.59 39.31 542.37 49.83
402.0 0.0 6.0 49.0 12.0 562.6 3857.55 51.68 543.86 65.24
45.0 0.0 4.0 50.0 12.0 397.8 4245.62 44.17 576.04 44.65
45.0 0.0 4.0 50.0 12.0 438.7 4019.67 43.89 593.61 44.32
45.0 0.0 4.0 50.0 12.0 477.6 3815.27 43.48 605.92 43.98
45.0 0.0 4.0 50.0 12.0 507.5 3678.97 43.48 630.33 43.98
45.0 0.0 4.0 50.0 12.0 535.8 3556.49 43.17 627.76 43.88
45.0 0.0 4.0 50.0 12.0 562.4 3513.32 42.63 615.81 43.57
45.0 0.0 4.0 50.0 12.0 589.6 3392.42 27.81 592.92 43.57
45.0 0.0 4.0 50.0 12.0 616.1 3360.27 27.81 573.63 43.26
45.0 0.0 4.0 50.0 12.0 642.2 3346.0 27.81 545.73 42.72
45.0 0.0 4.0 50.0 12.0 661.4 3354.68 27.81 547.3 27.9
45.0 0.0 4.0 50.0 12.0 675.9 3350.25 27.81 535.05 27.9
45.0 0.0 4.0 50.0 12.0 675.5 3460.87 27.81 553.15 42.72
45.0 0.0 4.0 50.0 12.0 670.9 3578.29 43.57 541.0 42.96
45.0 0.0 4.0 50.0 12.0 649.5 3781.73 44.44 562.65 43.42
45.0 0.0 4.0 50.0 12.0 630.2 4193.02 44.66 568.38 44.08
45.0 0.0 4.0 50.0 12.0 615.6 4737.27 45.59 553.89 46.02
45.0 0.0 4.0 50.0 12.0 608.8 5116.82 48.06 544.73 49.01
45.0 0.0 4.0 50.0 12.0 626.2 5091.64 48.06 549.19 48.06
45.0 0.0 4.0 50.0 12.0 649.0 5214.21 48.06 545.28 49.01
45.0 0.0 4.0 50.0 12.0 691.3 5375.34 74.33 536.69 49.01
704.0 0.0 1.0 41.0 10.0 629.1 3199.03 48.0 496.62 44.42
704.0 0.0 1.0 41.0 10.0 590.4 3081.65 48.0 502.04 42.17
704.0 0.0 1.0 41.0 10.0 551.5 2952.31 48.0 487.87 42.17
704.0 0.0 1.0 41.0 10.0 511.4 2852.35 48.0 506.86 42.17
704.0 0.0 1.0 41.0 10.0 470.3 2823.31 48.0 514.71 42.17
704.0 0.0 1.0 41.0 10.0 429.3 2751.39 48.0 527.42 42.17
704.0 0.0 1.0 41.0 10.0 389.5 2721.9 48.0 545.28 42.17
704.0 0.0 1.0 41.0 10.0 352.8 2693.69 48.0 550.12 42.17
704.0 0.0 1.0 41.0 10.0 317.8 2693.08 48.0 547.18 42.18
704.0 0.0 1.0 41.0 10.0 291.6 2718.79 48.0 573.3 44.42
704.0 0.0 1.0 41.0 10.0 267.7 2864.7 48.0 604.43 44.42
704.0 0.0 1.0 41.0 10.0 250.4 2934.51 48.0 628.18 46.06
704.0 0.0 1.0 41.0 10.0 235.7 3092.62 34.0 651.17 47.92
704.0 0.0 1.0 41.0 10.0 232.5 3422.77 46.41 619.98 49.2
704.0 0.0 1.0 41.0 10.0 229.2 3772.84 46.41 584.48 51.33
704.0 0.0 1.0 41.0 10.0 222.4 4199.81 50.2 485.31 59.24
704.0 0.0 1.0 41.0 10.0 215.2 4396.1 50.2 469.35 59.24
704.0 0.0 1.0 41.0 10.0 205.7 4497.6 78.28 438.05 59.24
704.0 0.0 1.0 41.0 10.0 195.2 4546.59 88.55 413.98 62.88
704.0 0.0 1.0 41.0 10.0 182.9 4601.0 91.46 423.87 66.61
721.0 0.0 4.0 43.0 10.0 1105.5 3297.36 46.56 361.8 27.45
721.0 0.0 4.0 43.0 10.0 1053.6 3234.91 46.56 373.89 27.45
721.0 0.0 4.0 43.0 10.0 1009.2 3116.37 46.56 389.53 27.45
721.0 0.0 4.0 43.0 10.0 984.4 3024.11 46.28 400.32 23.91
721.0 0.0 4.0 43.0 10.0 954.8 2968.0 46.28 423.92 23.91
721.0 0.0 4.0 43.0 10.0 911.4 2860.47 46.28 456.84 23.85
721.0 0.0 4.0 43.0 10.0 870.8 2795.7 46.28 458.81 23.91
721.0 0.0 4.0 43.0 10.0 837.0 2768.76 46.28 476.37 23.91
721.0 0.0 4.0 43.0 10.0 800.9 2743.73 46.28 485.74 24.17
721.0 0.0 4.0 43.0 10.0 764.8 2744.09 43.41 479.35 24.17
721.0 0.0 4.0 43.0 10.0 727.9 2785.9 43.41 481.9 31.85
721.0 0.0 4.0 43.0 10.0 689.6 2885.81 43.41 472.95 31.85
721.0 0.0 4.0 43.0 10.0 650.9 3066.95 32.79 501.16 33.29
721.0 0.0 4.0 43.0 10.0 606.0 3369.13 42.87 514.18 48.36
721.0 0.0 4.0 43.0 10.0 561.9 3803.34 49.97 494.16 48.36
721.0 0.0 4.0 43.0 10.0 525.5 4269.24 52.34 468.91 49.45
721.0 0.0 4.0 43.0 10.0 493.6 4607.83 54.59 464.37 107.04
721.0 0.0 4.0 43.0 10.0 474.5 4637.17 54.59 462.41 106.72
721.0 0.0 4.0 43.0 10.0 459.2 4630.14 52.34 458.1 106.72
721.0 0.0 4.0 43.0 10.0 453.9 4670.49 53.21 449.06 106.72
100.0 0.0 3.0 6.0 2.0 826.7 4015.4 61.98 516.69 67.04
100.0 0.0 3.0 6.0 2.0 823.3 3823.35 57.07 498.54 66.39
100.0 0.0 3.0 6.0 2.0 817.6 3655.84 54.9 477.87 66.39
100.0 0.0 3.0 6.0 2.0 806.5 3526.47 54.26 481.41 65.99
100.0 0.0 3.0 6.0 2.0 796.3 3435.35 54.26 460.39 65.99
100.0 0.0 3.0 6.0 2.0 789.8 3356.68 54.26 446.28 65.99
100.0 0.0 3.0 6.0 2.0 777.8 3295.68 54.26 443.85 65.99
100.0 0.0 3.0 6.0 2.0 748.1 3271.47 54.26 448.59 65.99
100.0 0.0 3.0 6.0 2.0 719.5 3261.63 54.26 459.79 65.99
100.0 0.0 3.0 6.0 2.0 692.1 3273.29 53.61 463.82 64.7
100.0 0.0 3.0 6.0 2.0 665.8 3278.87 54.9 490.03 67.04
100.0 0.0 3.0 6.0 2.0 646.0 3343.44 54.9 540.65 67.04
100.0 0.0 3.0 6.0 2.0 627.3 3378.07 46.21 581.21 44.13
100.0 0.0 3.0 6.0 2.0 609.7 3699.46 49.79 614.62 63.74
100.0 0.0 3.0 6.0 2.0 591.5 4119.45 68.07 618.04 68.33
100.0 0.0 3.0 6.0 2.0 570.3 4575.13 70.96 588.78 68.33
100.0 0.0 3.0 6.0 2.0 547.7 4796.8 72.9 569.09 68.33
100.0 0.0 3.0 6.0 2.0 525.1 4804.45 72.9 562.39 68.33
100.0 0.0 3.0 6.0 2.0 504.1 4891.38 73.99 567.52 78.86
100.0 0.0 3.0 6.0 2.0 487.6 5000.52 73.99 558.84 78.86
715.0 0.0 5.0 42.0 10.0 545.6 3300.44 48.53 434.68 56.14
715.0 0.0 5.0 42.0 10.0 499.1 3172.63 47.29 442.29 56.14
715.0 0.0 5.0 42.0 10.0 461.6 3030.33 50.74 466.88 52.39
715.0 0.0 5.0 42.0 10.0 451.6 2945.6 47.29 457.35 52.39
715.0 0.0 5.0 42.0 10.0 446.6 2866.24 47.29 444.8 47.97
715.0 0.0 5.0 42.0 10.0 449.4 2796.17 49.23 414.86 40.63
715.0 0.0 5.0 42.0 10.0 451.9 2736.7 48.26 434.84 40.63
715.0 0.0 5.0 42.0 10.0 455.2 2684.17 48.26 447.79 40.63
715.0 0.0 5.0 42.0 10.0 461.8 2665.66 47.29 428.78 40.63
715.0 0.0 5.0 42.0 10.0 476.2 2663.63 49.23 430.8 40.63
715.0 0.0 5.0 42.0 10.0 489.9 2698.92 41.9 431.41 48.25
715.0 0.0 5.0 42.0 10.0 501.3 2717.37 51.36 435.2 49.04
715.0 0.0 5.0 42.0 10.0 511.3 2778.96 39.84 464.6 33.67
715.0 0.0 5.0 42.0 10.0 517.5 2896.38 39.84 477.9 40.18
715.0 0.0 5.0 42.0 10.0 523.3 3058.8 43.9 448.11 47.09
715.0 0.0 5.0 42.0 10.0 533.1 3236.4 46.47 427.68 47.79
715.0 0.0 5.0 42.0 10.0 543.0 3418.65 59.3 440.84 47.79
715.0 0.0 5.0 42.0 10.0 555.7 3644.52 59.51 431.14 47.94
715.0 0.0 5.0 42.0 10.0 569.2 3878.18 59.51 423.27 48.1
715.0 0.0 5.0 42.0 10.0 583.8 4022.76 59.9 418.17 48.1
139.0 1.0 0.0 12.0 3.0 201.7 3665.64 63.18 651.76 47.76
139.0 1.0 0.0 12.0 3.0 211.9 3523.39 57.63 657.74 47.76
139.0 1.0 0.0 12.0 3.0 223.9 3364.88 54.66 638.06 46.14
139.0 1.0 0.0 12.0 3.0 245.4 3198.43 54.1 619.3 45.79
139.0 1.0 0.0 12.0 3.0 262.8 3083.65 53.76 580.78 45.79
139.0 1.0 0.0 12.0 3.0 272.1 3015.1 53.76 574.2 45.79
139.0 1.0 0.0 12.0 3.0 287.7 2940.44 53.76 582.08 45.79
139.0 1.0 0.0 12.0 3.0 318.8 2912.05 53.76 554.36 45.79
139.0 1.0 0.0 12.0 3.0 348.1 2878.66 53.34 548.33 45.37
139.0 1.0 0.0 12.0 3.0 372.1 2874.36 52.64 541.14 45.79
139.0 1.0 0.0 12.0 3.0 397.4 2892.81 54.1 581.6 45.79
139.0 1.0 0.0 12.0 3.0 425.3 2940.93 54.1 596.55 45.79
139.0 1.0 0.0 12.0 3.0 452.8 3047.78 50.62 583.35 45.79
139.0 1.0 0.0 12.0 3.0 477.4 3240.38 51.25 564.44 45.7
139.0 1.0 0.0 12.0 3.0 498.7 3376.08 51.83 530.52 45.88
139.0 1.0 0.0 12.0 3.0 514.1 3586.47 55.69 507.47 46.42
139.0 1.0 0.0 12.0 3.0 531.3 3746.0 52.67 481.7 46.42
139.0 1.0 0.0 12.0 3.0 550.1 3919.14 56.01 459.22 46.42
139.0 1.0 0.0 12.0 3.0 573.8 4135.2 58.8 459.42 47.76
139.0 1.0 0.0 12.0 3.0 606.2 4286.47 58.8 467.36 47.76
476.0 0.0 3.0 8.0 2.0 1420.5 3955.62 41.94 367.91 40.87
476.0 0.0 3.0 8.0 2.0 1423.4 3748.7 40.79 355.33 40.39
476.0 0.0 3.0 8.0 2.0 1425.5 3594.72 43.09 365.44 40.87
476.0 0.0 3.0 8.0 2.0 1425.0 3436.44 41.94 386.57 40.5
476.0 0.0 3.0 8.0 2.0 1424.5 3350.46 41.94 378.99 40.39
476.0 0.0 3.0 8.0 2.0 1427.3 3278.03 41.94 388.45 40.39
476.0 0.0 3.0 8.0 2.0 1427.6 3216.43 36.19 391.11 40.39
476.0 0.0 3.0 8.0 2.0 1424.4 3202.09 36.18 391.76 40.39
476.0 0.0 3.0 8.0 2.0 1421.9 3183.45 36.18 390.34 40.39
476.0 0.0 3.0 8.0 2.0 1422.1 3174.71 36.18 394.35 40.39
476.0 0.0 3.0 8.0 2.0 1422.7 3186.73 36.18 408.2 40.09
476.0 0.0 3.0 8.0 2.0 1424.5 3256.48 41.26 409.64 40.87
476.0 0.0 3.0 8.0 2.0 1427.0 3280.23 35.15 393.51 36.46
476.0 0.0 3.0 8.0 2.0 1429.9 3552.45 36.66 402.84 36.46
476.0 0.0 3.0 8.0 2.0 1433.6 3912.42 36.66 419.49 39.92
476.0 0.0 3.0 8.0 2.0 1434.7 4300.12 48.88 396.55 48.81
476.0 0.0 3.0 8.0 2.0 1437.3 4540.57 48.88 424.32 48.81
476.0 0.0 3.0 8.0 2.0 1440.2 4659.2 48.88 390.75 48.81
476.0 0.0 3.0 8.0 2.0 1440.5 4713.19 49.21 403.02 49.14
476.0 0.0 3.0 8.0 2.0 1433.7 4833.62 49.97 398.05 49.76
422.0 0.0 5.0 52.0 12.0 1415.5 3867.69 47.5 253.36 55.89
422.0 0.0 5.0 52.0 12.0 1399.9 3699.14 45.71 265.93 55.89
422.0 0.0 5.0 52.0 12.0 1381.9 3494.73 45.36 281.37 55.89
422.0 0.0 5.0 52.0 12.0 1358.7 3336.76 45.36 294.25 55.89
422.0 0.0 5.0 52.0 12.0 1336.9 3291.47 45.36 308.49 55.89
422.0 0.0 5.0 52.0 12.0 1317.0 3153.85 45.28 325.83 55.89
422.0 0.0 5.0 52.0 12.0 1296.3 3079.29 45.28 336.45 55.89
422.0 0.0 5.0 52.0 12.0 1275.2 2993.18 42.22 350.86 55.89
422.0 0.0 5.0 52.0 12.0 1255.4 2949.64 42.22 373.36 55.89
422.0 0.0 5.0 52.0 12.0 1234.5 2949.21 42.22 356.8 55.89
422.0 0.0 5.0 52.0 12.0 1213.6 2866.13 39.84 360.86 55.89
422.0 0.0 5.0 52.0 12.0 1191.2 2876.59 45.36 362.79 55.89
422.0 0.0 5.0 52.0 12.0 1167.3 2946.11 36.89 353.46 29.64
422.0 0.0 5.0 52.0 12.0 1139.7 3030.59 35.54 352.82 29.64
422.0 0.0 5.0 52.0 12.0 1108.4 3158.52 38.24 343.53 29.64
422.0 0.0 5.0 52.0 12.0 1062.1 3294.23 38.24 324.92 29.64
422.0 0.0 5.0 52.0 12.0 1012.4 3444.02 38.24 346.68 29.64
422.0 0.0 5.0 52.0 12.0 949.1 3494.03 39.42 329.47 39.42
422.0 0.0 5.0 52.0 12.0 888.9 3657.05 47.33 338.44 48.02
422.0 0.0 5.0 52.0 12.0 838.2 3897.34 48.0 354.27 49.52
146.0 0.0 1.0 13.0 3.0 318.6 3480.05 49.92 472.95 75.68
146.0 0.0 1.0 13.0 3.0 325.5 3435.15 49.89 488.04 74.94
146.0 0.0 1.0 13.0 3.0 331.8 3287.29 49.89 493.22 75.24
146.0 0.0 1.0 13.0 3.0 332.2 3201.92 48.63 498.69 75.24
146.0 0.0 1.0 13.0 3.0 333.6 3113.63 48.63 514.81 74.81
146.0 0.0 1.0 13.0 3.0 335.5 3017.46 48.63 538.42 71.12
146.0 0.0 1.0 13.0 3.0 340.6 2966.01 48.63 544.25 71.98
146.0 0.0 1.0 13.0 3.0 354.9 2942.11 48.63 549.86 71.98
146.0 0.0 1.0 13.0 3.0 364.8 2935.57 48.63 548.93 71.98
146.0 0.0 1.0 13.0 3.0 358.4 2954.97 48.63 546.92 71.98
146.0 0.0 1.0 13.0 3.0 354.1 2993.49 49.89 547.93 71.98
146.0 0.0 1.0 13.0 3.0 352.7 3046.11 49.89 549.93 74.81
146.0 0.0 1.0 13.0 3.0 352.8 3190.56 42.36 568.47 59.11
146.0 0.0 1.0 13.0 3.0 355.2 3438.94 42.79 592.96 59.34
146.0 0.0 1.0 13.0 3.0 360.0 3826.51 44.65 572.05 59.77
146.0 0.0 1.0 13.0 3.0 366.8 4217.25 48.18 574.72 63.69
146.0 0.0 1.0 13.0 3.0 369.6 4553.01 56.06 573.24 63.51
146.0 0.0 1.0 13.0 3.0 361.5 4790.28 65.36 545.38 63.42
146.0 0.0 1.0 13.0 3.0 348.1 4812.02 65.1 543.18 63.42
146.0 0.0 1.0 13.0 3.0 316.3 4836.01 65.1 541.02 68.61
543.0 0.0 1.0 18.0 4.0 307.4 3301.73 66.59 627.81 71.44
543.0 0.0 1.0 18.0 4.0 279.4 3277.85 66.59 620.69 67.69
543.0 0.0 1.0 18.0 4.0 251.7 3165.94 58.63 634.39 59.73
543.0 0.0 1.0 18.0 4.0 222.0 3100.97 58.63 643.88 59.73
543.0 0.0 1.0 18.0 4.0 195.5 3019.98 58.63 643.59 59.73
543.0 0.0 1.0 18.0 4.0 176.8 2947.32 58.63 646.63 59.73
543.0 0.0 1.0 18.0 4.0 158.5 2910.7 58.63 600.49 59.34
543.0 0.0 1.0 18.0 4.0 143.5 2879.53 58.63 599.6 59.34
543.0 0.0 1.0 18.0 4.0 130.7 2873.85 58.63 620.86 59.34
543.0 0.0 1.0 18.0 4.0 125.0 2878.27 58.63 609.11 59.73
543.0 0.0 1.0 18.0 4.0 118.8 2926.55 58.63 621.26 59.73
543.0 0.0 1.0 18.0 4.0 111.1 2976.25 58.63 610.49 59.73
543.0 0.0 1.0 18.0 4.0 103.8 3045.52 47.56 618.49 34.52
543.0 0.0 1.0 18.0 4.0 97.6 3258.74 51.29 586.21 47.2
543.0 0.0 1.0 18.0 4.0 92.3 3679.25 50.1 588.93 50.1
543.0 0.0 1.0 18.0 4.0 89.4 4077.39 54.83 565.77 53.11
543.0 0.0 1.0 18.0 4.0 86.4 4401.17 54.83 522.61 54.8
543.0 0.0 1.0 18.0 4.0 82.5 4586.55 103.19 499.28 135.18
543.0 0.0 1.0 18.0 4.0 78.8 4611.43 103.19 492.76 135.18
543.0 0.0 1.0 18.0 4.0 75.4 4662.2 103.19 500.65 135.18
95.0 0.0 5.0 5.0 2.0 750.1 4112.71 48.29 533.53 49.22
95.0 0.0 5.0 5.0 2.0 739.3 3920.11 48.02 533.19 49.22
95.0 0.0 5.0 5.0 2.0 726.9 3778.23 48.02 543.02 48.29
95.0 0.0 5.0 5.0 2.0 714.7 3648.12 42.68 546.69 48.02
95.0 0.0 5.0 5.0 2.0 703.1 3527.31 42.68 532.98 48.02
95.0 0.0 5.0 5.0 2.0 697.5 3391.46 42.28 522.24 42.68
95.0 0.0 5.0 5.0 2.0 691.3 3296.23 42.28 498.4 42.68
95.0 0.0 5.0 5.0 2.0 681.6 3263.77 42.28 499.73 42.68
95.0 0.0 5.0 5.0 2.0 675.7 3225.63 42.28 493.5 42.68
95.0 0.0 5.0 5.0 2.0 674.5 3170.78 42.28 484.64 42.68
95.0 0.0 5.0 5.0 2.0 676.5 3140.64 42.28 485.03 42.68
95.0 0.0 5.0 5.0 2.0 686.2 3156.61 42.11 491.43 42.68
95.0 0.0 5.0 5.0 2.0 696.2 3198.73 52.32 516.41 42.48
95.0 0.0 5.0 5.0 2.0 708.9 3283.3 52.32 537.06 43.81
95.0 0.0 5.0 5.0 2.0 722.8 3415.16 52.72 553.56 51.64
95.0 0.0 5.0 5.0 2.0 737.0 3559.83 52.72 544.58 51.76
95.0 0.0 5.0 5.0 2.0 754.5 3707.5 52.72 538.27 51.64
95.0 0.0 5.0 5.0 2.0 783.1 3820.55 61.88 524.16 51.64
95.0 0.0 5.0 5.0 2.0 812.5 4069.29 62.0 520.4 52.94
95.0 0.0 5.0 5.0 2.0 845.6 4306.57 63.18 524.96 52.91
215.0 1.0 0.0 23.0 6.0 94.69 3012.38 50.89 572.53 44.58
215.0 1.0 0.0 23.0 6.0 83.53 2921.66 50.89 581.04 44.58
215.0 1.0 0.0 23.0 6.0 73.22 2777.93 50.25 588.68 43.46
215.0 1.0 0.0 23.0 6.0 65.94 2682.49 49.89 557.97 40.39
215.0 1.0 0.0 23.0 6.0 59.54 2595.74 49.89 557.7 39.75
215.0 1.0 0.0 23.0 6.0 53.52 2517.34 46.25 559.14 39.75
215.0 1.0 0.0 23.0 6.0 48.18 2477.58 46.25 566.39 39.75
215.0 1.0 0.0 23.0 6.0 43.4 2422.57 46.25 579.83 39.75
215.0 1.0 0.0 23.0 6.0 39.26 2423.98 46.25 585.21 39.75
215.0 1.0 0.0 23.0 6.0 36.7 2440.64 46.25 590.38 39.75
215.0 1.0 0.0 23.0 6.0 34.79 2359.78 49.89 641.22 39.75
215.0 1.0 0.0 23.0 6.0 33.06 2357.0 49.89 648.2 39.75
215.0 1.0 0.0 23.0 6.0 31.98 2435.1 39.42 663.36 42.21
215.0 1.0 0.0 23.0 6.0 31.18 2548.39 39.42 673.03 42.78
215.0 1.0 0.0 23.0 6.0 28.92 2669.91 39.42 690.95 43.27
215.0 1.0 0.0 23.0 6.0 28.39 2824.31 42.78 708.95 44.77
215.0 1.0 0.0 23.0 6.0 28.99 3017.84 42.75 689.47 69.4
215.0 1.0 0.0 23.0 6.0 30.81 3209.66 43.27 640.64 71.4
215.0 1.0 0.0 23.0 6.0 32.46 3374.01 43.27 609.56 86.86
215.0 1.0 0.0 23.0 6.0 34.45 3501.22 44.77 584.93 82.38
691.0 0.0 2.0 39.0 9.0 62.6 3081.29 47.81 569.98 62.31
691.0 0.0 2.0 39.0 9.0 61.7 2963.18 35.71 590.8 61.11
691.0 0.0 2.0 39.0 9.0 60.5 2868.96 35.71 619.76 52.37
691.0 0.0 2.0 39.0 9.0 58.6 2791.07 35.71 626.02 52.37
691.0 0.0 2.0 39.0 9.0 57.4 2744.73 35.71 641.61 52.37
691.0 0.0 2.0 39.0 9.0 55.5 2668.59 34.6 651.0 52.37
691.0 0.0 2.0 39.0 9.0 54.1 2631.08 34.6 659.11 52.37
691.0 0.0 2.0 39.0 9.0 54.1 2624.12 34.6 665.39 52.37
691.0 0.0 2.0 39.0 9.0 53.9 2627.55 34.6 664.51 52.37
691.0 0.0 2.0 39.0 9.0 54.1 2636.54 34.6 665.43 52.37
691.0 0.0 2.0 39.0 9.0 54.2 2675.49 34.6 658.76 52.37
691.0 0.0 2.0 39.0 9.0 53.9 2763.67 35.71 668.2 52.37
691.0 0.0 2.0 39.0 9.0 53.7 2925.83 75.2 650.27 48.98
691.0 0.0 2.0 39.0 9.0 55.3 3212.48 75.91 606.86 49.92
691.0 0.0 2.0 39.0 9.0 56.3 3561.1 76.24 564.43 55.85
691.0 0.0 2.0 39.0 9.0 58.2 3993.55 77.16 519.52 63.9
691.0 0.0 2.0 39.0 9.0 59.2 4259.99 77.16 498.74 68.81
691.0 0.0 2.0 39.0 9.0 60.5 4408.87 82.0 494.18 71.73
691.0 0.0 2.0 39.0 9.0 61.0 4519.82 77.16 489.4 72.62
691.0 0.0 2.0 39.0 9.0 61.5 4610.84 82.0 485.99 72.62
245.0 0.0 2.0 27.0 7.0 132.46 3319.81 40.88 620.41 39.28
245.0 0.0 2.0 27.0 7.0 124.18 3154.28 39.28 655.68 39.28
245.0 0.0 2.0 27.0 7.0 116.7 3001.64 39.28 637.36 38.91
245.0 0.0 2.0 27.0 7.0 106.89 2872.51 38.91 623.09 38.91
245.0 0.0 2.0 27.0 7.0 98.58 2782.99 38.91 617.03 38.91
245.0 0.0 2.0 27.0 7.0 91.84 2707.63 38.91 615.12 38.91
245.0 0.0 2.0 27.0 7.0 86.61 2659.46 38.91 615.83 38.91
245.0 0.0 2.0 27.0 7.0 82.39 2642.61 38.91 622.1 38.91
245.0 0.0 2.0 27.0 7.0 79.68 2620.9 38.91 629.31 38.91
245.0 0.0 2.0 27.0 7.0 78.32 2650.14 38.91 626.44 38.91
245.0 0.0 2.0 27.0 7.0 76.99 2674.66 38.91 652.18 38.91
245.0 0.0 2.0 27.0 7.0 75.64 2692.27 38.91 667.62 38.91
245.0 0.0 2.0 27.0 7.0 74.54 2709.22 41.22 718.04 38.88
245.0 0.0 2.0 27.0 7.0 73.91 2915.44 44.67 722.12 44.19
245.0 0.0 2.0 27.0 7.0 72.41 3200.96 47.37 746.37 47.37
245.0 0.0 2.0 27.0 7.0 71.79 3567.99 49.75 691.51 49.75
245.0 0.0 2.0 27.0 7.0 71.81 3910.16 53.77 643.62 58.26
245.0 0.0 2.0 27.0 7.0 71.55 4156.8 57.24 607.73 68.13
245.0 0.0 2.0 27.0 7.0 71.59 4303.85 59.52 588.01 78.94
245.0 0.0 2.0 27.0 7.0 72.01 4420.26 59.52 582.38 83.63
493.0 0.0 6.0 10.0 3.0 1113.1 3683.16 65.31 453.75 52.81
493.0 0.0 6.0 10.0 3.0 1131.75 3539.23 61.65 430.28 52.81
493.0 0.0 6.0 10.0 3.0 1148.61 3313.96 46.5 445.57 36.09
493.0 0.0 6.0 10.0 3.0 1165.09 3153.82 42.76 459.35 33.21
493.0 0.0 6.0 10.0 3.0 1180.74 3065.35 42.76 456.2 38.32
493.0 0.0 6.0 10.0 3.0 1195.5 2954.23 42.76 448.84 36.09
493.0 0.0 6.0 10.0 3.0 1208.46 2907.8 42.76 433.63 33.21
493.0 0.0 6.0 10.0 3.0 1231.25 2870.51 41.46 417.2 33.21
493.0 0.0 6.0 10.0 3.0 1253.69 2834.29 38.57 412.94 33.21
493.0 0.0 6.0 10.0 3.0 1274.92 2792.65 38.57 409.42 33.21
493.0 0.0 6.0 10.0 3.0 1294.95 2809.28 38.57 423.11 33.21
493.0 0.0 6.0 10.0 3.0 1313.66 2796.0 38.57 427.79 33.21
493.0 0.0 6.0 10.0 3.0 1331.02 2820.95 33.16 421.66 35.16
493.0 0.0 6.0 10.0 3.0 1341.76 2883.8 33.16 420.07 35.16
493.0 0.0 6.0 10.0 3.0 1354.3 2964.57 33.16 402.36 35.16
493.0 0.0 6.0 10.0 3.0 1365.3 3069.75 33.47 408.44 35.16
493.0 0.0 6.0 10.0 3.0 1375.44 3267.78 33.47 392.96 35.16
493.0 0.0 6.0 10.0 3.0 1384.46 3438.03 33.47 392.47 35.16
493.0 0.0 6.0 10.0 3.0 1386.4 3686.82 35.16 371.86 51.62
493.0 0.0 6.0 10.0 3.0 1381.81 3896.0 51.62 394.71 71.01
198.0 0.0 4.0 20.0 5.0 105.54 3339.03 41.41 645.88 49.13
198.0 0.0 4.0 20.0 5.0 109.44 3250.94 41.41 644.45 48.78
198.0 0.0 4.0 20.0 5.0 113.51 3100.36 41.02 672.31 43.32
198.0 0.0 4.0 20.0 5.0 116.6 2975.11 41.02 653.96 43.32
198.0 0.0 4.0 20.0 5.0 119.86 2926.79 41.02 633.35 43.32
198.0 0.0 4.0 20.0 5.0 123.34 2873.38 41.02 626.62 42.93
198.0 0.0 4.0 20.0 5.0 127.08 2800.54 38.73 633.06 42.93
198.0 0.0 4.0 20.0 5.0 130.94 2777.15 38.73 638.65 42.93
198.0 0.0 4.0 20.0 5.0 134.85 2765.96 38.52 639.8 42.93
198.0 0.0 4.0 20.0 5.0 139.6 2743.77 38.52 647.4 42.93
198.0 0.0 4.0 20.0 5.0 144.54 2723.92 38.52 652.67 42.93
198.0 0.0 4.0 20.0 5.0 149.7 2762.79 38.52 654.85 42.93
198.0 0.0 4.0 20.0 5.0 154.96 2864.28 48.56 648.66 54.31
198.0 0.0 4.0 20.0 5.0 160.49 3046.97 48.83 651.41 55.89
198.0 0.0 4.0 20.0 5.0 165.84 3443.64 56.07 644.07 57.68
198.0 0.0 4.0 20.0 5.0 179.52 3872.41 57.0 595.02 59.46
198.0 0.0 4.0 20.0 5.0 193.44 4200.72 57.14 571.7 61.68
198.0 0.0 4.0 20.0 5.0 208.83 4393.21 67.4 539.02 61.68
198.0 0.0 4.0 20.0 5.0 227.27 4471.4 68.37 537.62 61.68
198.0 0.0 4.0 20.0 5.0 247.03 4487.96 68.48 533.21 63.88
211.0 0.0 3.0 22.0 5.0 88.9 3327.87 46.26 599.82 42.87
211.0 0.0 3.0 22.0 5.0 95.2 3175.84 45.45 598.4 42.46
211.0 0.0 3.0 22.0 5.0 102.7 3036.69 45.45 595.37 42.46
211.0 0.0 3.0 22.0 5.0 117.0 2926.16 45.1 587.05 42.46
211.0 0.0 3.0 22.0 5.0 131.5 2850.16 45.1 562.74 38.21
211.0 0.0 3.0 22.0 5.0 151.3 2801.2 45.1 537.28 37.4
211.0 0.0 3.0 22.0 5.0 170.1 2748.6 44.29 525.35 37.4
211.0 0.0 3.0 22.0 5.0 188.0 2712.84 44.29 530.46 37.4
211.0 0.0 3.0 22.0 5.0 206.1 2698.89 44.29 533.31 37.4
211.0 0.0 3.0 22.0 5.0 223.7 2704.53 44.29 527.79 37.4
211.0 0.0 3.0 22.0 5.0 238.8 2704.69 45.1 541.19 38.21
211.0 0.0 3.0 22.0 5.0 244.7 2700.02 43.04 536.85 38.21
211.0 0.0 3.0 22.0 5.0 249.2 2821.15 50.78 562.29 41.98
211.0 0.0 3.0 22.0 5.0 253.2 3069.16 54.41 570.03 42.24
211.0 0.0 3.0 22.0 5.0 256.5 3461.89 56.21 567.17 46.96
211.0 0.0 3.0 22.0 5.0 258.3 3921.16 68.54 567.78 49.31
211.0 0.0 3.0 22.0 5.0 259.6 4248.67 69.71 471.97 58.94
211.0 0.0 3.0 22.0 5.0 260.6 4439.1 73.95 441.99 63.91
211.0 0.0 3.0 22.0 5.0 259.8 4508.65 72.75 447.28 63.95
211.0 0.0 3.0 22.0 5.0 256.2 4572.2 74.63 436.65 67.23
646.0 0.0 6.0 32.0 8.0 297.33 2944.42 45.24 517.97 48.0
646.0 0.0 6.0 32.0 8.0 299.12 2812.91 45.0 504.5 45.0
646.0 0.0 6.0 32.0 8.0 300.92 2700.93 32.8 508.02 34.16
646.0 0.0 6.0 32.0 8.0 306.95 2604.9 32.8 497.33 32.8
646.0 0.0 6.0 32.0 8.0 313.22 2551.59 29.15 481.87 32.8
646.0 0.0 6.0 32.0 8.0 319.8 2476.59 29.15 478.75 29.79
646.0 0.0 6.0 32.0 8.0 326.66 2411.43 31.0 463.66 29.16
646.0 0.0 6.0 32.0 8.0 333.77 2394.99 31.0 465.25 29.15
646.0 0.0 6.0 32.0 8.0 340.79 2383.73 31.0 468.38 29.15
646.0 0.0 6.0 32.0 8.0 332.52 2389.05 31.0 447.7 29.15
646.0 0.0 6.0 32.0 8.0 323.73 2356.26 28.89 449.16 27.0
646.0 0.0 6.0 32.0 8.0 315.29 2359.3 28.89 446.78 31.04
646.0 0.0 6.0 32.0 8.0 307.22 2323.11 53.33 456.58 29.28
646.0 0.0 6.0 32.0 8.0 299.41 2314.8 53.33 464.59 29.28
646.0 0.0 6.0 32.0 8.0 291.74 2404.76 50.24 448.31 32.38
646.0 0.0 6.0 32.0 8.0 321.27 2531.1 53.33 438.52 32.38
646.0 0.0 6.0 32.0 8.0 347.92 2690.66 53.33 434.22 32.38
646.0 0.0 6.0 32.0 8.0 370.81 2894.0 53.33 420.6 82.36
646.0 0.0 6.0 32.0 8.0 394.42 3088.46 53.33 404.76 83.71
646.0 0.0 6.0 32.0 8.0 421.36 3279.63 53.33 372.73 82.36
309.0 0.0 3.0 36.0 9.0 26.08 3261.92 47.96 642.69 48.58
309.0 0.0 3.0 36.0 9.0 36.72 3083.45 41.84 673.59 48.58
309.0 0.0 3.0 36.0 9.0 50.39 2942.72 40.64 680.45 48.46
309.0 0.0 3.0 36.0 9.0 66.58 2819.9 40.64 656.76 41.84
309.0 0.0 3.0 36.0 9.0 86.73 2719.64 40.26 630.88 40.64
309.0 0.0 3.0 36.0 9.0 112.08 2655.32 40.26 571.13 40.64
309.0 0.0 3.0 36.0 9.0 142.1 2624.3 39.46 555.53 40.64
309.0 0.0 3.0 36.0 9.0 175.63 2619.61 39.46 530.3 40.64
309.0 0.0 3.0 36.0 9.0 212.64 2627.68 39.46 525.77 40.64
309.0 0.0 3.0 36.0 9.0 239.04 2638.57 38.67 519.75 40.64
309.0 0.0 3.0 36.0 9.0 267.04 2706.91 41.84 530.41 40.64
309.0 0.0 3.0 36.0 9.0 296.64 2787.16 39.46 534.03 40.64
309.0 0.0 3.0 36.0 9.0 327.96 2934.24 49.49 537.95 41.95
309.0 0.0 3.0 36.0 9.0 360.67 3168.43 57.21 537.74 41.95
309.0 0.0 3.0 36.0 9.0 394.68 3465.12 58.62 543.01 48.76
309.0 0.0 3.0 36.0 9.0 437.44 3868.38 59.56 494.22 49.73
309.0 0.0 3.0 36.0 9.0 480.3 4226.21 60.05 492.01 49.9
309.0 0.0 3.0 36.0 9.0 520.62 4355.72 60.05 461.82 49.9
309.0 0.0 3.0 36.0 9.0 559.72 4450.37 62.27 462.42 70.39
309.0 0.0 3.0 36.0 9.0 587.3 4535.68 65.76 458.84 77.29
596.0 0.0 5.0 25.0 6.0 1035.01 3149.22 44.02 363.07 30.36
596.0 0.0 5.0 25.0 6.0 1019.08 3002.0 32.44 378.73 30.36
596.0 0.0 5.0 25.0 6.0 1002.45 2874.15 30.64 361.91 30.36
596.0 0.0 5.0 25.0 6.0 1034.54 2770.26 30.36 359.86 25.15
596.0 0.0 5.0 25.0 6.0 1065.41 2662.0 30.36 364.0 25.15
596.0 0.0 5.0 25.0 6.0 1094.56 2622.56 30.36 345.18 30.36
596.0 0.0 5.0 25.0 6.0 1121.79 2556.88 25.15 360.71 30.36
596.0 0.0 5.0 25.0 6.0 1146.53 2488.42 25.15 386.81 25.15
596.0 0.0 5.0 25.0 6.0 1169.2 2440.74 25.15 382.36 25.15
596.0 0.0 5.0 25.0 6.0 1169.83 2445.23 25.15 376.43 25.15
596.0 0.0 5.0 25.0 6.0 1170.2 2423.78 19.99 348.77 25.15
596.0 0.0 5.0 25.0 6.0 1170.15 2427.54 30.36 356.66 30.36
596.0 0.0 5.0 25.0 6.0 1169.66 2478.97 36.15 353.14 28.64
596.0 0.0 5.0 25.0 6.0 1168.61 2611.92 36.16 337.48 28.64
596.0 0.0 5.0 25.0 6.0 1167.06 2766.33 41.6 345.69 32.28
596.0 0.0 5.0 25.0 6.0 1179.31 2984.6 41.6 346.0 36.41
596.0 0.0 5.0 25.0 6.0 1190.22 3197.69 45.04 325.62 41.56
596.0 0.0 5.0 25.0 6.0 1201.07 3421.07 45.07 308.78 46.64
596.0 0.0 5.0 25.0 6.0 1206.65 3596.82 59.79 315.82 49.79
596.0 0.0 5.0 25.0 6.0 1216.66 3780.71 69.29 312.95 49.79
677.0 0.0 2.0 37.0 9.0 212.42 3051.44 53.87 516.33 80.7
677.0 0.0 2.0 37.0 9.0 202.36 2913.6 58.76 527.68 79.94
677.0 0.0 2.0 37.0 9.0 192.51 2820.73 53.87 553.96 70.97
677.0 0.0 2.0 37.0 9.0 182.07 2728.09 48.15 546.24 70.97
677.0 0.0 2.0 37.0 9.0 171.86 2656.52 53.87 527.73 70.97
677.0 0.0 2.0 37.0 9.0 162.07 2629.42 53.87 545.47 66.07
677.0 0.0 2.0 37.0 9.0 153.02 2570.78 52.06 548.11 66.07
677.0 0.0 2.0 37.0 9.0 144.63 2553.72 52.06 531.6 66.07
677.0 0.0 2.0 37.0 9.0 136.66 2581.26 52.06 528.8 66.07
677.0 0.0 2.0 37.0 9.0 138.85 2586.3 52.06 535.22 66.07
677.0 0.0 2.0 37.0 9.0 141.21 2652.58 51.77 545.66 66.07
677.0 0.0 2.0 37.0 9.0 144.21 2692.74 48.15 537.48 70.97
677.0 0.0 2.0 37.0 9.0 148.09 2826.01 38.5 526.27 33.74
677.0 0.0 2.0 37.0 9.0 152.94 3089.36 38.5 516.72 48.29
677.0 0.0 2.0 37.0 9.0 158.53 3362.92 50.2 498.04 50.19
677.0 0.0 2.0 37.0 9.0 177.39 3774.33 50.48 469.37 55.0
677.0 0.0 2.0 37.0 9.0 194.16 4061.59 55.0 367.13 71.71
677.0 0.0 2.0 37.0 9.0 210.44 4222.15 67.67 364.75 71.71
677.0 0.0 2.0 37.0 9.0 228.65 4322.37 78.11 358.33 71.71
677.0 0.0 2.0 37.0 9.0 245.9 4419.59 81.24 350.17 71.71
401.0 0.0 5.0 49.0 12.0 211.78 4232.31 69.1 556.09 57.85
401.0 0.0 5.0 49.0 12.0 193.69 3977.65 67.62 572.96 55.21
401.0 0.0 5.0 49.0 12.0 176.75 3817.81 64.53 602.94 55.21
401.0 0.0 5.0 49.0 12.0 160.93 3657.92 63.8 634.24 45.53
401.0 0.0 5.0 49.0 12.0 146.01 3504.35 63.21 640.46 45.53
401.0 0.0 5.0 49.0 12.0 131.83 3386.42 63.21 665.47 45.53
401.0 0.0 5.0 49.0 12.0 119.61 3268.09 62.13 675.2 45.53
401.0 0.0 5.0 49.0 12.0 124.25 3221.0 60.82 700.89 45.53
401.0 0.0 5.0 49.0 12.0 130.27 3187.11 60.82 686.18 45.53
401.0 0.0 5.0 49.0 12.0 136.77 3147.11 48.07 692.26 45.53
401.0 0.0 5.0 49.0 12.0 144.23 3129.08 53.5 698.56 45.53
401.0 0.0 5.0 49.0 12.0 152.86 3141.35 53.5 707.39 45.53
401.0 0.0 5.0 49.0 12.0 162.5 3184.23 39.28 710.66 39.28
401.0 0.0 5.0 49.0 12.0 170.76 3288.66 46.83 690.99 39.28
401.0 0.0 5.0 49.0 12.0 178.65 3465.24 51.66 664.38 49.3
401.0 0.0 5.0 49.0 12.0 187.59 3630.86 51.95 627.35 51.31
401.0 0.0 5.0 49.0 12.0 197.26 3792.8 52.68 605.41 51.31
401.0 0.0 5.0 49.0 12.0 208.05 3887.04 52.97 616.83 52.03
401.0 0.0 5.0 49.0 12.0 220.43 4135.72 53.76 579.28 53.76
401.0 0.0 5.0 49.0 12.0 227.95 4344.34 55.43 568.12 55.31
335.0 0.0 1.0 40.0 10.0 830.5 3235.88 38.64 513.25 38.64
335.0 0.0 1.0 40.0 10.0 839.5 3137.38 38.28 520.1 38.28
335.0 0.0 1.0 40.0 10.0 846.9 3037.45 38.28 491.96 38.28
335.0 0.0 1.0 40.0 10.0 846.2 2940.05 38.28 474.5 38.28
335.0 0.0 1.0 40.0 10.0 846.0 2871.82 37.39 466.93 35.09
335.0 0.0 1.0 40.0 10.0 846.5 2814.9 37.39 486.22 38.28
335.0 0.0 1.0 40.0 10.0 841.8 2763.48 37.39 494.01 38.28
335.0 0.0 1.0 40.0 10.0 824.1 2722.86 37.39 485.1 38.28
335.0 0.0 1.0 40.0 10.0 808.7 2734.2 37.39 482.88 34.72
335.0 0.0 1.0 40.0 10.0 801.2 2740.95 37.39 476.65 38.28
335.0 0.0 1.0 40.0 10.0 791.5 2878.63 38.28 489.41 34.72
335.0 0.0 1.0 40.0 10.0 778.6 2963.51 37.46 494.37 32.61
335.0 0.0 1.0 40.0 10.0 766.2 3108.15 46.67 501.43 39.34
335.0 0.0 1.0 40.0 10.0 753.2 3382.01 48.52 536.3 47.34
335.0 0.0 1.0 40.0 10.0 739.2 3759.81 49.21 505.65 47.59
335.0 0.0 1.0 40.0 10.0 727.8 4129.91 57.52 508.92 47.59
335.0 0.0 1.0 40.0 10.0 718.4 4401.52 57.52 515.21 62.49
335.0 0.0 1.0 40.0 10.0 717.2 4535.09 62.79 505.13 62.49
335.0 0.0 1.0 40.0 10.0 719.2 4586.55 63.78 519.63 63.27
335.0 0.0 1.0 40.0 10.0 727.5 4633.14 63.78 524.45 63.27
312.0 0.0 6.0 36.0 9.0 382.6 3141.94 55.01 525.22 48.43
312.0 0.0 6.0 36.0 9.0 399.3 2975.82 55.01 550.44 48.43
312.0 0.0 6.0 36.0 9.0 417.7 2832.4 46.74 570.78 48.1
312.0 0.0 6.0 36.0 9.0 441.1 2727.99 46.74 570.04 41.88
312.0 0.0 6.0 36.0 9.0 462.3 2665.28 46.74 554.04 40.5
312.0 0.0 6.0 36.0 9.0 476.2 2590.04 46.74 521.23 40.12
312.0 0.0 6.0 36.0 9.0 488.4 2523.34 45.37 492.89 39.81
312.0 0.0 6.0 36.0 9.0 493.8 2475.99 45.37 480.85 40.5
312.0 0.0 6.0 36.0 9.0 501.1 2442.57 45.37 462.81 40.5
312.0 0.0 6.0 36.0 9.0 511.5 2441.28 44.69 469.72 40.5
312.0 0.0 6.0 36.0 9.0 522.0 2482.3 46.05 477.18 40.5
312.0 0.0 6.0 36.0 9.0 534.0 2493.26 46.74 477.1 40.5
312.0 0.0 6.0 36.0 9.0 545.8 2483.58 42.03 472.2 45.12
312.0 0.0 6.0 36.0 9.0 558.7 2440.1 42.03 451.33 45.12
312.0 0.0 6.0 36.0 9.0 571.3 2526.82 42.03 469.77 46.84
312.0 0.0 6.0 36.0 9.0 582.0 2631.15 42.03 463.75 52.79
312.0 0.0 6.0 36.0 9.0 592.9 2807.12 42.03 473.86 52.79
312.0 0.0 6.0 36.0 9.0 606.8 3010.41 42.03 456.97 52.79
312.0 0.0 6.0 36.0 9.0 620.5 3221.14 42.03 442.32 52.79
312.0 0.0 6.0 36.0 9.0 635.5 3442.52 47.98 442.28 54.89
440.0 0.0 2.0 3.0 1.0 688.9 3882.49 39.55 454.64 35.4
440.0 0.0 2.0 3.0 1.0 666.5 3710.18 38.6 470.53 35.4
440.0 0.0 2.0 3.0 1.0 645.6 3576.75 38.27 475.02 35.4
440.0 0.0 2.0 3.0 1.0 631.0 3462.89 38.27 451.57 35.07
440.0 0.0 2.0 3.0 1.0 617.8 3356.68 38.27 451.77 35.07
440.0 0.0 2.0 3.0 1.0 610.1 3269.5 38.27 458.31 35.07
440.0 0.0 2.0 3.0 1.0 600.6 3223.93 38.27 459.64 35.07
440.0 0.0 2.0 3.0 1.0 587.7 3171.83 38.27 464.9 35.07
440.0 0.0 2.0 3.0 1.0 577.2 3141.22 38.27 471.62 35.07
440.0 0.0 2.0 3.0 1.0 570.1 3142.29 37.22 483.63 35.07
440.0 0.0 2.0 3.0 1.0 563.5 3150.08 39.33 523.14 35.4
440.0 0.0 2.0 3.0 1.0 559.2 3225.26 38.93 559.06 35.4
440.0 0.0 2.0 3.0 1.0 547.0 3411.17 42.63 560.8 35.91
440.0 0.0 2.0 3.0 1.0 518.2 3674.6 48.13 614.59 50.52
440.0 0.0 2.0 3.0 1.0 490.3 4079.74 50.85 577.11 52.94
440.0 0.0 2.0 3.0 1.0 467.0 4579.35 53.25 547.35 53.55
440.0 0.0 2.0 3.0 1.0 446.3 4900.58 60.0 515.46 53.55
440.0 0.0 2.0 3.0 1.0 431.3 4907.17 60.0 505.05 53.55
440.0 0.0 2.0 3.0 1.0 417.8 4921.94 53.55 502.63 53.55
440.0 0.0 2.0 3.0 1.0 406.2 5034.92 68.09 501.09 53.55
337.0 0.0 3.0 40.0 10.0 271.0 3332.43 39.42 654.5 42.51
337.0 0.0 3.0 40.0 10.0 259.1 3235.06 39.42 673.91 42.51
337.0 0.0 3.0 40.0 10.0 247.5 3110.69 38.51 673.84 42.51
337.0 0.0 3.0 40.0 10.0 239.7 3015.2 38.51 647.13 42.51
337.0 0.0 3.0 40.0 10.0 232.6 2929.79 38.51 653.82 40.64
337.0 0.0 3.0 40.0 10.0 225.7 2875.35 38.51 652.45 40.64
337.0 0.0 3.0 40.0 10.0 217.2 2830.66 38.51 654.34 40.64
337.0 0.0 3.0 40.0 10.0 199.6 2791.11 37.55 644.92 40.64
337.0 0.0 3.0 40.0 10.0 184.3 2784.1 37.55 650.14 40.64
337.0 0.0 3.0 40.0 10.0 172.3 2788.1 38.51 653.93 40.64
337.0 0.0 3.0 40.0 10.0 160.0 2824.15 38.51 682.7 42.51
337.0 0.0 3.0 40.0 10.0 150.1 2943.34 39.42 710.45 42.51
337.0 0.0 3.0 40.0 10.0 143.9 3092.95 47.76 716.74 57.05
337.0 0.0 3.0 40.0 10.0 148.8 3400.68 70.05 701.4 57.85
337.0 0.0 3.0 40.0 10.0 156.3 3729.1 71.49 681.63 59.55
337.0 0.0 3.0 40.0 10.0 168.7 4110.07 71.75 628.75 67.21
337.0 0.0 3.0 40.0 10.0 182.9 4364.83 72.08 592.75 67.23
337.0 0.0 3.0 40.0 10.0 197.3 4481.64 77.01 577.66 67.29
337.0 0.0 3.0 40.0 10.0 212.6 4559.62 77.01 570.58 67.29
337.0 0.0 3.0 40.0 10.0 228.9 4603.34 90.72 570.18 67.29
51.0 0.0 3.0 51.0 12.0 935.4 4093.11 42.93 423.13 42.87
51.0 0.0 3.0 51.0 12.0 918.9 3858.57 42.87 429.07 42.87
51.0 0.0 3.0 51.0 12.0 902.06 3715.68 42.87 418.54 42.72
51.0 0.0 3.0 51.0 12.0 885.21 3568.71 42.72 409.83 41.86
51.0 0.0 3.0 51.0 12.0 868.39 3467.26 42.72 396.2 27.04
51.0 0.0 3.0 51.0 12.0 861.91 3402.97 42.72 386.26 27.04
51.0 0.0 3.0 51.0 12.0 855.5 3298.62 41.86 390.51 27.04
51.0 0.0 3.0 51.0 12.0 849.08 3265.37 41.86 385.56 27.04
51.0 0.0 3.0 51.0 12.0 842.66 3274.09 41.86 399.05 27.04
51.0 0.0 3.0 51.0 12.0 835.9 3222.79 27.04 388.78 0.0
51.0 0.0 3.0 51.0 12.0 829.14 3230.71 27.04 381.15 27.04
51.0 0.0 3.0 51.0 12.0 852.83 3278.71 41.86 379.03 27.04
51.0 0.0 3.0 51.0 12.0 874.98 3440.96 41.62 391.82 42.21
51.0 0.0 3.0 51.0 12.0 896.46 3745.37 42.22 420.6 42.22
51.0 0.0 3.0 51.0 12.0 917.76 4141.84 43.29 463.55 43.29
51.0 0.0 3.0 51.0 12.0 938.77 4682.26 44.72 467.7 48.38
51.0 0.0 3.0 51.0 12.0 959.46 5037.15 46.56 474.84 46.72
51.0 0.0 3.0 51.0 12.0 992.98 5143.02 44.91 479.97 48.3
51.0 0.0 3.0 51.0 12.0 1025.47 5103.24 44.91 477.91 48.3
51.0 0.0 3.0 51.0 12.0 1056.62 5216.24 44.91 488.17 48.3
125.0 0.0 0.0 10.0 3.0 454.6 3404.5 90.24 469.73 51.56
125.0 0.0 0.0 10.0 3.0 433.6 3266.31 90.14 471.9 50.05
125.0 0.0 0.0 10.0 3.0 414.7 3123.94 90.14 471.38 50.05
125.0 0.0 0.0 10.0 3.0 407.9 2995.88 90.14 504.6 50.05
125.0 0.0 0.0 10.0 3.0 397.4 2906.88 85.83 498.93 50.05
125.0 0.0 0.0 10.0 3.0 378.9 2819.51 85.83 503.45 50.05
125.0 0.0 0.0 10.0 3.0 360.9 2753.45 83.15 530.19 50.64
125.0 0.0 0.0 10.0 3.0 344.6 2756.17 84.32 524.45 50.05
125.0 0.0 0.0 10.0 3.0 328.4 2754.21 84.32 524.59 50.21
125.0 0.0 0.0 10.0 3.0 315.4 2773.94 84.32 530.01 50.05
125.0 0.0 0.0 10.0 3.0 304.1 2760.8 84.32 534.4 51.74
125.0 0.0 0.0 10.0 3.0 293.8 2872.93 86.71 537.78 50.05
125.0 0.0 0.0 10.0 3.0 281.7 3194.34 43.83 556.83 42.53
125.0 0.0 0.0 10.0 3.0 265.0 3547.89 44.15 576.78 44.61
125.0 0.0 0.0 10.0 3.0 248.1 3855.49 45.17 603.38 48.71
125.0 0.0 0.0 10.0 3.0 230.0 4226.16 46.68 600.84 54.9
125.0 0.0 0.0 10.0 3.0 212.9 4519.96 46.68 575.29 55.94
125.0 0.0 0.0 10.0 3.0 198.9 4630.87 50.8 551.71 55.93
125.0 0.0 0.0 10.0 3.0 184.0 4712.33 50.8 561.19 54.43
125.0 0.0 0.0 10.0 3.0 169.2 4822.09 50.8 552.12 56.29
728.0 0.0 4.0 44.0 11.0 655.61 3351.35 36.88 416.86 55.43
728.0 0.0 4.0 44.0 11.0 615.42 3265.51 36.88 403.35 54.86
728.0 0.0 4.0 44.0 11.0 576.88 3135.66 36.88 413.97 54.86
728.0 0.0 4.0 44.0 11.0 539.79 3040.21 36.6 437.83 54.86
728.0 0.0 4.0 44.0 11.0 504.59 2994.12 36.6 435.69 54.86
728.0 0.0 4.0 44.0 11.0 471.37 2910.86 36.6 447.8 54.58
728.0 0.0 4.0 44.0 11.0 440.12 2871.74 36.6 456.74 54.58
728.0 0.0 4.0 44.0 11.0 420.83 2842.14 36.6 441.68 54.58
728.0 0.0 4.0 44.0 11.0 402.13 2839.66 36.6 449.1 54.58
728.0 0.0 4.0 44.0 11.0 384.6 2840.38 36.6 457.68 53.47
728.0 0.0 4.0 44.0 11.0 368.29 2877.95 36.88 474.76 55.41
728.0 0.0 4.0 44.0 11.0 352.67 2952.14 36.88 500.12 55.43
728.0 0.0 4.0 44.0 11.0 337.86 3134.72 37.4 558.33 38.75
728.0 0.0 4.0 44.0 11.0 322.32 3438.52 47.78 577.81 48.38
728.0 0.0 4.0 44.0 11.0 307.28 3820.46 49.76 570.51 48.38
728.0 0.0 4.0 44.0 11.0 292.7 4262.98 62.0 516.11 48.38
728.0 0.0 4.0 44.0 11.0 278.77 4503.8 49.76 477.03 48.38
728.0 0.0 4.0 44.0 11.0 265.43 4569.76 49.76 446.97 49.44
728.0 0.0 4.0 44.0 11.0 252.66 4622.9 49.76 424.7 49.44
728.0 0.0 4.0 44.0 11.0 249.3 4678.78 49.76 429.68 49.76
580.0 0.0 3.0 23.0 6.0 66.31 3075.61 45.91 526.68 45.64
580.0 0.0 3.0 23.0 6.0 62.83 2957.21 45.2 529.51 45.64
580.0 0.0 3.0 23.0 6.0 60.14 2823.96 45.91 534.04 35.76
580.0 0.0 3.0 23.0 6.0 55.74 2746.07 45.91 515.21 35.76
580.0 0.0 3.0 23.0 6.0 52.11 2641.2 43.82 483.25 33.73
580.0 0.0 3.0 23.0 6.0 49.31 2583.18 43.82 466.2 33.73
580.0 0.0 3.0 23.0 6.0 47.45 2546.61 43.82 456.8 33.73
580.0 0.0 3.0 23.0 6.0 46.04 2519.74 43.82 457.8 33.73
580.0 0.0 3.0 23.0 6.0 45.21 2479.56 43.82 453.94 33.73
580.0 0.0 3.0 23.0 6.0 45.31 2524.47 43.82 454.83 33.73
580.0 0.0 3.0 23.0 6.0 46.52 2517.28 43.82 460.87 32.54
580.0 0.0 3.0 23.0 6.0 48.74 2569.33 43.82 452.77 33.73
580.0 0.0 3.0 23.0 6.0 51.61 2791.78 33.63 513.92 44.97
580.0 0.0 3.0 23.0 6.0 54.99 3103.04 44.96 519.44 45.85
580.0 0.0 3.0 23.0 6.0 59.05 3423.91 46.08 550.89 47.52
580.0 0.0 3.0 23.0 6.0 59.29 3816.78 57.0 488.8 68.47
580.0 0.0 3.0 23.0 6.0 54.9 4088.25 47.96 477.39 85.32
580.0 0.0 3.0 23.0 6.0 53.36 4308.95 47.96 436.02 85.14
580.0 0.0 3.0 23.0 6.0 54.73 4379.53 96.67 447.39 84.95
580.0 0.0 3.0 23.0 6.0 54.99 4468.07 96.67 419.47 84.82
296.0 0.0 4.0 34.0 8.0 215.54 3289.57 60.12 547.39 54.32
296.0 0.0 4.0 34.0 8.0 223.24 3114.86 59.79 533.42 49.55
296.0 0.0 4.0 34.0 8.0 230.66 2963.15 59.27 514.97 46.1
296.0 0.0 4.0 34.0 8.0 255.94 2824.47 54.51 490.54 43.58
296.0 0.0 4.0 34.0 8.0 283.06 2756.5 49.87 460.08 39.91
296.0 0.0 4.0 34.0 8.0 312.11 2681.66 49.87 463.75 39.91
296.0 0.0 4.0 34.0 8.0 342.14 2635.25 49.87 463.09 39.91
296.0 0.0 4.0 34.0 8.0 373.67 2600.43 52.39 460.66 39.91
296.0 0.0 4.0 34.0 8.0 406.33 2594.32 49.87 459.54 39.91
296.0 0.0 4.0 34.0 8.0 432.74 2610.29 51.39 460.12 39.91
296.0 0.0 4.0 34.0 8.0 459.76 2651.8 53.91 460.72 40.94
296.0 0.0 4.0 34.0 8.0 487.26 2672.39 49.87 480.05 41.98
296.0 0.0 4.0 34.0 8.0 514.97 2701.8 50.12 494.05 39.81
296.0 0.0 4.0 34.0 8.0 542.17 2873.47 51.19 516.77 43.24
296.0 0.0 4.0 34.0 8.0 568.94 3175.93 58.64 545.78 45.38
296.0 0.0 4.0 34.0 8.0 540.41 3501.24 60.45 535.24 45.38
296.0 0.0 4.0 34.0 8.0 510.85 3798.55 61.04 515.57 47.82
296.0 0.0 4.0 34.0 8.0 482.75 4075.82 61.12 491.15 47.85
296.0 0.0 4.0 34.0 8.0 456.11 4269.43 63.68 479.01 49.95
296.0 0.0 4.0 34.0 8.0 432.96 4406.35 65.37 461.69 50.42
297.0 0.0 5.0 34.0 8.0 215.3 3117.78 45.38 531.09 46.6
297.0 0.0 5.0 34.0 8.0 231.1 2993.92 45.0 531.02 46.6
297.0 0.0 5.0 34.0 8.0 247.8 2849.02 40.18 544.98 45.38
297.0 0.0 5.0 34.0 8.0 266.1 2710.29 39.81 561.35 45.36
297.0 0.0 5.0 34.0 8.0 287.4 2608.75 39.81 551.65 44.99
297.0 0.0 5.0 34.0 8.0 317.2 2523.52 36.1 536.19 40.18
297.0 0.0 5.0 34.0 8.0 345.7 2477.73 36.1 515.6 39.81
297.0 0.0 5.0 34.0 8.0 369.1 2454.01 36.1 489.38 39.81
297.0 0.0 5.0 34.0 8.0 386.2 2438.45 36.1 470.4 39.81
297.0 0.0 5.0 34.0 8.0 389.0 2445.45 36.1 460.46 39.81
297.0 0.0 5.0 34.0 8.0 390.5 2506.61 37.93 468.37 39.81
297.0 0.0 5.0 34.0 8.0 390.3 2497.0 37.93 477.34 39.81
297.0 0.0 5.0 34.0 8.0 391.3 2453.54 43.68 477.46 41.08
297.0 0.0 5.0 34.0 8.0 396.0 2514.76 40.72 495.99 47.42
297.0 0.0 5.0 34.0 8.0 400.2 2647.65 43.68 492.42 47.42
297.0 0.0 5.0 34.0 8.0 404.1 2842.06 47.38 507.49 49.06
297.0 0.0 5.0 34.0 8.0 407.8 3087.6 48.7 475.55 50.84
297.0 0.0 5.0 34.0 8.0 412.7 3313.96 50.11 480.03 52.1
297.0 0.0 5.0 34.0 8.0 416.8 3560.37 52.98 489.27 54.52
297.0 0.0 5.0 34.0 8.0 419.7 3742.1 55.13 482.12 56.37
48.0 0.0 0.0 51.0 12.0 368.1 4131.86 46.08 505.53 45.32
48.0 0.0 0.0 51.0 12.0 398.66 3926.43 46.08 519.78 43.52
48.0 0.0 0.0 51.0 12.0 430.34 3819.25 45.94 512.17 43.11
48.0 0.0 0.0 51.0 12.0 462.75 3637.29 45.67 493.47 42.97
48.0 0.0 0.0 51.0 12.0 495.69 3512.33 45.67 441.97 42.97
48.0 0.0 0.0 51.0 12.0 519.54 3472.14 45.67 445.19 42.7
48.0 0.0 0.0 51.0 12.0 544.7 3403.93 45.05 445.23 42.7
48.0 0.0 0.0 51.0 12.0 570.67 3357.62 30.43 423.0 42.08
48.0 0.0 0.0 51.0 12.0 597.14 3355.05 30.43 403.15 0.0
48.0 0.0 0.0 51.0 12.0 623.88 3332.0 30.43 405.05 0.0
48.0 0.0 0.0 51.0 12.0 650.71 3313.01 30.43 403.85 0.0
48.0 0.0 0.0 51.0 12.0 680.99 3381.09 45.05 401.72 0.0
48.0 0.0 0.0 51.0 12.0 712.39 3633.41 42.36 416.3 6.51
48.0 0.0 0.0 51.0 12.0 745.28 3868.87 42.36 410.19 44.39
48.0 0.0 0.0 51.0 12.0 779.5 4242.24 43.42 439.2 49.75
48.0 0.0 0.0 51.0 12.0 814.13 4709.64 45.26 447.51 51.76
48.0 0.0 0.0 51.0 12.0 848.28 4988.8 45.56 467.84 51.69
48.0 0.0 0.0 51.0 12.0 851.58 5085.64 47.7 449.69 51.86
48.0 0.0 0.0 51.0 12.0 854.85 5214.86 45.56 444.73 54.0
48.0 0.0 0.0 51.0 12.0 858.19 5351.68 45.56 459.52 56.37
127.0 0.0 2.0 10.0 3.0 1339.41 3803.54 42.53 333.91 42.13
127.0 0.0 2.0 10.0 3.0 1342.78 3625.05 42.13 344.73 37.84
127.0 0.0 2.0 10.0 3.0 1345.1 3459.84 42.13 360.69 27.29
127.0 0.0 2.0 10.0 3.0 1346.31 3334.68 37.84 384.07 27.29
127.0 0.0 2.0 10.0 3.0 1345.97 3233.26 31.92 377.32 27.29
127.0 0.0 2.0 10.0 3.0 1344.14 3119.78 27.29 365.62 24.02
127.0 0.0 2.0 10.0 3.0 1340.42 3080.2 27.29 369.2 27.29
127.0 0.0 2.0 10.0 3.0 1342.35 3055.98 36.03 381.2 36.03
127.0 0.0 2.0 10.0 3.0 1342.88 3040.7 36.03 374.29 36.03
127.0 0.0 2.0 10.0 3.0 1341.9 3034.27 36.03 384.8 36.03
127.0 0.0 2.0 10.0 3.0 1339.3 3038.67 36.03 377.71 42.13
127.0 0.0 2.0 10.0 3.0 1334.69 3099.29 36.03 383.48 42.13
127.0 0.0 2.0 10.0 3.0 1327.59 3240.21 43.8 371.68 43.81
127.0 0.0 2.0 10.0 3.0 1328.45 3514.84 46.63 378.95 47.09
127.0 0.0 2.0 10.0 3.0 1328.68 3885.76 47.08 394.27 51.64
127.0 0.0 2.0 10.0 3.0 1328.11 4258.22 47.92 395.91 52.09
127.0 0.0 2.0 10.0 3.0 1326.58 4501.76 47.08 415.73 52.07
127.0 0.0 2.0 10.0 3.0 1324.41 4571.25 47.51 402.55 52.07
127.0 0.0 2.0 10.0 3.0 1320.75 4599.93 47.51 433.48 52.09
127.0 0.0 2.0 10.0 3.0 1336.71 4719.76 47.51 437.08 52.09
384.0 0.0 2.0 47.0 11.0 255.04 3703.22 51.86 597.41 62.41
384.0 0.0 2.0 47.0 11.0 265.4 3514.9 42.32 640.23 61.87
384.0 0.0 2.0 47.0 11.0 276.05 3376.96 40.86 643.72 53.37
384.0 0.0 2.0 47.0 11.0 287.12 3297.05 40.86 640.32 53.29
384.0 0.0 2.0 47.0 11.0 298.69 3152.66 39.6 619.95 50.9
384.0 0.0 2.0 47.0 11.0 310.78 3053.55 38.27 633.09 46.83
384.0 0.0 2.0 47.0 11.0 323.44 3012.01 38.27 590.99 46.83
384.0 0.0 2.0 47.0 11.0 332.37 2985.2 38.27 559.12 46.83
384.0 0.0 2.0 47.0 11.0 341.44 3003.45 38.27 553.51 46.83
384.0 0.0 2.0 47.0 11.0 350.65 2981.75 38.27 552.14 45.5
384.0 0.0 2.0 47.0 11.0 360.07 3008.18 38.27 572.77 48.16
384.0 0.0 2.0 47.0 11.0 369.66 3089.72 38.27 576.57 46.83
384.0 0.0 2.0 47.0 11.0 379.25 3254.65 42.97 614.15 51.06
384.0 0.0 2.0 47.0 11.0 396.94 3581.46 51.77 597.1 55.66
384.0 0.0 2.0 47.0 11.0 415.18 3986.96 57.3 599.77 69.56
384.0 0.0 2.0 47.0 11.0 434.2 4452.34 68.21 558.76 77.12
384.0 0.0 2.0 47.0 11.0 454.28 4633.85 65.56 545.72 77.83
384.0 0.0 2.0 47.0 11.0 475.45 4661.8 70.1 530.21 74.51
384.0 0.0 2.0 47.0 11.0 497.17 4712.9 70.01 536.37 74.27
384.0 0.0 2.0 47.0 11.0 591.08 4840.76 67.3 520.31 76.25
442.0 0.0 4.0 3.0 1.0 1108.9 3945.65 49.67 369.88 52.58
442.0 0.0 4.0 3.0 1.0 1095.73 3742.04 49.34 359.4 52.1
442.0 0.0 4.0 3.0 1.0 1075.06 3591.9 49.34 349.95 51.77
442.0 0.0 4.0 3.0 1.0 1047.29 3454.13 48.23 361.19 50.39
442.0 0.0 4.0 3.0 1.0 1014.73 3360.88 47.96 363.48 47.64
442.0 0.0 4.0 3.0 1.0 989.82 3284.58 47.96 367.18 47.64
442.0 0.0 4.0 3.0 1.0 970.21 3197.71 45.21 356.63 47.64
442.0 0.0 4.0 3.0 1.0 975.26 3171.03 45.21 378.28 47.64
442.0 0.0 4.0 3.0 1.0 979.26 3144.61 45.21 371.36 47.64
442.0 0.0 4.0 3.0 1.0 981.46 3132.02 47.96 377.47 47.64
442.0 0.0 4.0 3.0 1.0 982.03 3124.95 48.55 373.6 47.64
442.0 0.0 4.0 3.0 1.0 979.23 3174.8 45.21 376.93 47.64
442.0 0.0 4.0 3.0 1.0 973.68 3409.43 33.95 441.9 36.1
442.0 0.0 4.0 3.0 1.0 943.95 3697.12 36.1 489.04 36.1
442.0 0.0 4.0 3.0 1.0 912.4 4103.09 53.33 491.64 45.69
442.0 0.0 4.0 3.0 1.0 879.96 4581.44 55.93 481.69 65.57
442.0 0.0 4.0 3.0 1.0 843.87 4885.95 58.48 467.93 65.66
442.0 0.0 4.0 3.0 1.0 798.41 4939.01 59.74 446.74 65.66
442.0 0.0 4.0 3.0 1.0 751.24 4942.79 57.04 457.19 65.66
442.0 0.0 4.0 3.0 1.0 734.17 5055.88 59.74 443.61 67.95
477.0 0.0 4.0 8.0 2.0 1151.7 3977.27 36.66 388.08 34.96
477.0 0.0 4.0 8.0 2.0 1150.2 3776.96 35.15 390.5 34.96
477.0 0.0 4.0 8.0 2.0 1147.4 3643.74 35.15 409.62 34.96
477.0 0.0 4.0 8.0 2.0 1140.8 3512.67 35.15 413.37 34.96
477.0 0.0 4.0 8.0 2.0 1132.8 3401.68 35.15 407.16 34.96
477.0 0.0 4.0 8.0 2.0 1119.8 3329.5 35.15 416.39 34.65
477.0 0.0 4.0 8.0 2.0 1103.2 3281.87 35.15 413.35 34.65
477.0 0.0 4.0 8.0 2.0 1079.5 3257.73 35.15 425.62 34.65
477.0 0.0 4.0 8.0 2.0 1053.3 3254.08 35.15 414.41 34.65
477.0 0.0 4.0 8.0 2.0 1020.4 3230.47 35.15 430.97 34.65
477.0 0.0 4.0 8.0 2.0 989.6 3240.92 35.15 431.22 34.65
477.0 0.0 4.0 8.0 2.0 963.1 3305.06 35.15 441.41 34.96
477.0 0.0 4.0 8.0 2.0 939.4 3433.45 46.51 468.71 38.57
477.0 0.0 4.0 8.0 2.0 920.5 3643.29 46.51 508.62 47.35
477.0 0.0 4.0 8.0 2.0 903.4 3982.71 48.3 497.23 55.05
477.0 0.0 4.0 8.0 2.0 888.8 4290.14 91.6 486.16 65.65
477.0 0.0 4.0 8.0 2.0 874.8 4412.15 49.55 470.58 59.54
477.0 0.0 4.0 8.0 2.0 865.6 4571.4 49.55 462.72 57.21
477.0 0.0 4.0 8.0 2.0 854.2 4774.96 61.87 458.98 58.93
477.0 0.0 4.0 8.0 2.0 839.4 4894.52 68.97 448.81 61.38
780.0 0.0 0.0 52.0 12.0 874.4 3538.0 53.95 378.26 34.5
780.0 0.0 0.0 52.0 12.0 873.77 3376.97 49.47 387.73 31.5
780.0 0.0 0.0 52.0 12.0 872.53 3280.35 50.26 382.1 31.5
780.0 0.0 0.0 52.0 12.0 870.54 3126.83 50.26 376.91 31.5
780.0 0.0 0.0 52.0 12.0 868.14 3019.38 49.47 393.34 30.71
780.0 0.0 0.0 52.0 12.0 863.11 2967.61 49.47 402.15 30.43
780.0 0.0 0.0 52.0 12.0 854.36 2919.04 49.19 378.4 23.99
780.0 0.0 0.0 52.0 12.0 1015.85 2849.93 49.19 366.04 23.97
780.0 0.0 0.0 52.0 12.0 1150.15 2867.58 49.19 362.89 23.93
780.0 0.0 0.0 52.0 12.0 1230.86 2872.87 42.75 369.25 23.93
780.0 0.0 0.0 52.0 12.0 1268.42 2944.6 42.75 378.6 23.97
780.0 0.0 0.0 52.0 12.0 1279.93 3030.79 42.75 349.68 31.5
780.0 0.0 0.0 52.0 12.0 1278.75 3194.99 34.5 348.8 34.5
780.0 0.0 0.0 52.0 12.0 1347.47 3471.64 35.19 359.61 34.5
780.0 0.0 0.0 52.0 12.0 1405.08 3923.68 67.0 348.41 34.5
780.0 0.0 0.0 52.0 12.0 1440.65 4359.82 67.0 326.67 34.5
780.0 0.0 0.0 52.0 12.0 1444.8 4668.66 50.11 322.99 34.5
780.0 0.0 0.0 52.0 12.0 1422.65 4651.49 50.11 290.78 35.2
780.0 0.0 0.0 52.0 12.0 1384.28 4770.24 50.11 281.63 56.65
780.0 0.0 0.0 52.0 12.0 1391.04 4874.65 50.11 303.29 56.65
26.0 0.0 6.0 47.0 11.0 1174.4 3591.51 47.29 289.02 43.53
26.0 0.0 6.0 47.0 11.0 1177.9 3441.01 43.35 301.12 43.53
26.0 0.0 6.0 47.0 11.0 1180.8 3267.7 42.94 283.06 43.53
26.0 0.0 6.0 47.0 11.0 1180.4 3100.29 42.53 288.23 43.53
26.0 0.0 6.0 47.0 11.0 1175.9 2988.79 42.53 305.22 42.94
26.0 0.0 6.0 47.0 11.0 1162.3 2896.05 42.53 313.87 42.94
26.0 0.0 6.0 47.0 11.0 1150.3 2834.88 28.28 324.14 42.94
26.0 0.0 6.0 47.0 11.0 1144.5 2787.25 28.28 337.74 42.53
26.0 0.0 6.0 47.0 11.0 1133.3 2751.73 28.28 336.1 42.53
26.0 0.0 6.0 47.0 11.0 1109.0 2733.75 28.28 334.16 41.53
26.0 0.0 6.0 47.0 11.0 1081.3 2784.07 28.28 337.16 43.53
26.0 0.0 6.0 47.0 11.0 1041.1 2799.69 28.28 340.71 42.89
26.0 0.0 6.0 47.0 11.0 998.5 2850.69 28.57 340.78 42.89
26.0 0.0 6.0 47.0 11.0 947.6 2919.91 28.57 317.67 42.89
26.0 0.0 6.0 47.0 11.0 898.0 2989.9 42.44 319.92 42.89
26.0 0.0 6.0 47.0 11.0 854.3 3054.26 42.44 321.44 43.36
26.0 0.0 6.0 47.0 11.0 810.8 3056.05 42.44 355.09 42.89
26.0 0.0 6.0 47.0 11.0 771.0 3108.3 40.69 384.6 43.36
26.0 0.0 6.0 47.0 11.0 733.4 3354.6 42.89 425.59 42.89
26.0 0.0 6.0 47.0 11.0 706.2 3586.47 42.89 427.11 43.36
515.0 0.0 1.0 14.0 4.0 1049.0 4076.77 65.73 500.42 110.71
515.0 0.0 1.0 14.0 4.0 1052.7 3833.23 51.25 511.44 110.71
515.0 0.0 1.0 14.0 4.0 1055.5 3683.55 51.25 522.36 105.69
515.0 0.0 1.0 14.0 4.0 1055.4 3591.3 39.74 531.65 105.69
515.0 0.0 1.0 14.0 4.0 1050.7 3533.86 47.38 541.26 103.89
515.0 0.0 1.0 14.0 4.0 1033.7 3463.39 39.74 540.63 105.69
515.0 0.0 1.0 14.0 4.0 1018.6 3390.85 39.74 529.3 105.69
515.0 0.0 1.0 14.0 4.0 1005.7 3344.87 39.74 532.11 105.69
515.0 0.0 1.0 14.0 4.0 991.4 3320.2 39.74 558.63 105.69
515.0 0.0 1.0 14.0 4.0 972.2 3292.65 39.74 561.18 105.69
515.0 0.0 1.0 14.0 4.0 954.9 3376.93 39.74 562.41 105.69
515.0 0.0 1.0 14.0 4.0 941.7 3474.35 51.25 568.57 110.71
515.0 0.0 1.0 14.0 4.0 928.6 3483.71 39.75 598.98 45.78
515.0 0.0 1.0 14.0 4.0 917.1 3516.44 39.75 586.31 45.78
515.0 0.0 1.0 14.0 4.0 907.9 3669.28 39.75 554.29 35.22
515.0 0.0 1.0 14.0 4.0 907.0 4054.31 64.71 510.65 64.7
515.0 0.0 1.0 14.0 4.0 904.9 4183.98 65.41 503.32 65.4
515.0 0.0 1.0 14.0 4.0 903.6 4225.14 65.41 485.95 65.4
515.0 0.0 1.0 14.0 4.0 900.1 4406.06 65.6 466.88 65.4
515.0 0.0 1.0 14.0 4.0 892.0 4558.46 70.0 452.26 65.4
179.0 0.0 6.0 17.0 4.0 449.74 3281.55 55.56 509.69 46.41
179.0 0.0 6.0 17.0 4.0 450.69 3279.09 55.39 475.66 46.0
179.0 0.0 6.0 17.0 4.0 451.63 3159.68 53.66 480.62 46.41
179.0 0.0 6.0 17.0 4.0 458.64 3053.69 53.66 470.27 46.41
179.0 0.0 6.0 17.0 4.0 465.74 2940.61 50.97 437.97 46.41
179.0 0.0 6.0 17.0 4.0 472.59 2872.1 50.97 439.89 43.31
179.0 0.0 6.0 17.0 4.0 479.53 2789.05 50.56 419.01 43.31
179.0 0.0 6.0 17.0 4.0 486.62 2724.33 50.56 430.3 43.31
179.0 0.0 6.0 17.0 4.0 493.76 2694.89 50.56 440.63 43.31
179.0 0.0 6.0 17.0 4.0 524.25 2682.52 48.83 440.15 43.31
179.0 0.0 6.0 17.0 4.0 552.73 2658.97 52.29 462.13 43.31
179.0 0.0 6.0 17.0 4.0 578.87 2665.04 50.97 457.29 43.31
179.0 0.0 6.0 17.0 4.0 602.69 2634.02 57.04 476.77 43.56
179.0 0.0 6.0 17.0 4.0 626.0 2606.0 57.04 483.19 43.56
179.0 0.0 6.0 17.0 4.0 648.25 2701.46 57.04 470.97 43.56
179.0 0.0 6.0 17.0 4.0 718.95 2823.91 57.04 450.92 43.56
179.0 0.0 6.0 17.0 4.0 791.38 2987.54 55.27 428.85 43.56
179.0 0.0 6.0 17.0 4.0 861.02 3186.13 58.81 406.06 43.56
179.0 0.0 6.0 17.0 4.0 926.36 3337.27 57.45 405.42 46.89
179.0 0.0 6.0 17.0 4.0 985.09 3502.46 57.45 409.31 46.89
5.0 0.0 6.0 44.0 11.0 121.0 3675.01 44.89 582.31 48.05
5.0 0.0 6.0 44.0 11.0 124.1 3496.76 44.88 604.28 44.89
5.0 0.0 6.0 44.0 11.0 127.3 3321.97 44.43 592.15 44.89
5.0 0.0 6.0 44.0 11.0 127.0 3161.63 44.43 565.2 44.89
5.0 0.0 6.0 44.0 11.0 129.0 3040.33 44.01 550.03 44.88
5.0 0.0 6.0 44.0 11.0 133.7 2943.07 44.01 546.44 44.43
5.0 0.0 6.0 44.0 11.0 140.0 2879.1 44.01 554.02 44.43
5.0 0.0 6.0 44.0 11.0 153.9 2829.12 43.74 559.47 44.43
5.0 0.0 6.0 44.0 11.0 167.3 2820.11 43.74 563.45 44.43
5.0 0.0 6.0 44.0 11.0 180.3 2764.62 42.89 561.62 44.43
5.0 0.0 6.0 44.0 11.0 193.4 2743.19 42.38 568.15 44.43
5.0 0.0 6.0 44.0 11.0 201.5 2738.0 42.38 570.97 44.43
5.0 0.0 6.0 44.0 11.0 209.7 2746.08 42.95 572.34 43.71
5.0 0.0 6.0 44.0 11.0 218.6 2808.11 42.95 570.71 44.19
5.0 0.0 6.0 44.0 11.0 226.5 2885.3 43.16 568.44 54.03
5.0 0.0 6.0 44.0 11.0 235.7 2908.29 45.08 560.79 54.03
5.0 0.0 6.0 44.0 11.0 242.1 2980.06 45.08 558.98 54.03
5.0 0.0 6.0 44.0 11.0 245.2 3150.87 45.25 540.25 54.03
5.0 0.0 6.0 44.0 11.0 246.2 3410.4 45.25 543.44 54.8
5.0 0.0 6.0 44.0 11.0 240.7 3636.32 45.73 545.71 56.21
773.0 0.0 0.0 51.0 12.0 880.85 3548.19 59.86 553.25 47.51
773.0 0.0 0.0 51.0 12.0 945.45 3383.62 56.27 581.03 47.35
773.0 0.0 0.0 51.0 12.0 1016.01 3293.03 56.12 572.35 47.35
773.0 0.0 0.0 51.0 12.0 1089.86 3146.02 56.11 586.78 47.35
773.0 0.0 0.0 51.0 12.0 1161.97 3048.61 56.11 541.8 40.29
773.0 0.0 0.0 51.0 12.0 1225.62 2985.65 56.0 483.17 40.29
773.0 0.0 0.0 51.0 12.0 1274.56 2950.91 56.0 416.1 40.29
773.0 0.0 0.0 51.0 12.0 1265.74 2918.87 56.11 455.96 40.29
773.0 0.0 0.0 51.0 12.0 1251.25 2911.9 56.11 469.37 40.29
773.0 0.0 0.0 51.0 12.0 1228.64 2910.07 56.11 469.11 40.29
773.0 0.0 0.0 51.0 12.0 1190.18 3020.72 56.28 503.74 47.35
773.0 0.0 0.0 51.0 12.0 1136.52 3125.28 56.11 513.79 51.1
773.0 0.0 0.0 51.0 12.0 1073.04 3151.9 50.63 531.09 34.53
773.0 0.0 0.0 51.0 12.0 1055.9 3454.51 52.0 539.18 49.17
773.0 0.0 0.0 51.0 12.0 1038.05 3881.08 53.34 528.48 63.38
773.0 0.0 0.0 51.0 12.0 1019.64 4391.19 65.06 477.33 71.0
773.0 0.0 0.0 51.0 12.0 1000.86 4666.04 51.97 443.31 74.38
773.0 0.0 0.0 51.0 12.0 981.8 4675.12 51.97 417.74 68.01
773.0 0.0 0.0 51.0 12.0 962.5 4704.66 51.97 428.57 70.28
773.0 0.0 0.0 51.0 12.0 934.35 4784.19 53.38 421.83 74.76
463.0 0.0 4.0 6.0 2.0 1026.2 4045.26 34.63 454.75 36.27
463.0 0.0 4.0 6.0 2.0 966.2 3900.89 34.63 447.64 31.77
463.0 0.0 4.0 6.0 2.0 918.8 3758.5 33.52 429.57 31.77
463.0 0.0 4.0 6.0 2.0 908.7 3624.68 33.52 416.69 31.77
463.0 0.0 4.0 6.0 2.0 897.9 3538.29 33.52 433.87 31.77
463.0 0.0 4.0 6.0 2.0 883.7 3462.63 33.52 424.06 31.77
463.0 0.0 4.0 6.0 2.0 870.4 3387.82 33.52 432.45 31.77
463.0 0.0 4.0 6.0 2.0 859.2 3345.19 33.21 451.58 31.77
463.0 0.0 4.0 6.0 2.0 847.0 3337.64 33.52 440.73 23.23
463.0 0.0 4.0 6.0 2.0 831.3 3323.46 33.52 449.79 31.77
463.0 0.0 4.0 6.0 2.0 816.7 3321.61 33.52 459.27 32.33
463.0 0.0 4.0 6.0 2.0 805.9 3366.15 33.52 446.77 37.38
463.0 0.0 4.0 6.0 2.0 794.4 3477.72 38.78 507.18 41.49
463.0 0.0 4.0 6.0 2.0 779.7 3747.8 40.44 526.33 47.4
463.0 0.0 4.0 6.0 2.0 759.7 4172.29 48.11 531.74 48.46
463.0 0.0 4.0 6.0 2.0 725.6 4575.07 50.84 520.19 66.34
463.0 0.0 4.0 6.0 2.0 689.4 4854.8 55.4 490.44 74.79
463.0 0.0 4.0 6.0 2.0 647.5 4836.14 55.4 489.86 74.79
463.0 0.0 4.0 6.0 2.0 606.1 4923.72 55.06 480.09 74.93
463.0 0.0 4.0 6.0 2.0 569.4 5053.08 55.4 469.5 83.36
504.0 0.0 3.0 12.0 3.0 716.5 4075.07 58.04 480.26 63.28
504.0 0.0 3.0 12.0 3.0 784.4 3859.59 56.68 491.8 60.56
504.0 0.0 3.0 12.0 3.0 850.9 3759.97 55.63 513.04 60.56
504.0 0.0 3.0 12.0 3.0 914.3 3614.55 49.58 526.83 55.62
504.0 0.0 3.0 12.0 3.0 977.4 3499.2 49.58 519.96 34.59
504.0 0.0 3.0 12.0 3.0 1039.6 3395.7 43.39 495.53 32.41
504.0 0.0 3.0 12.0 3.0 1097.5 3340.36 34.6 474.14 32.41
504.0 0.0 3.0 12.0 3.0 1141.4 3306.6 34.59 447.43 32.12
504.0 0.0 3.0 12.0 3.0 1184.0 3287.35 32.35 440.22 32.12
504.0 0.0 3.0 12.0 3.0 1221.0 3246.61 32.35 439.1 32.12
504.0 0.0 3.0 12.0 3.0 1256.5 3259.03 32.35 431.22 32.12
504.0 0.0 3.0 12.0 3.0 1287.7 3258.38 32.35 432.6 31.61
504.0 0.0 3.0 12.0 3.0 1319.2 3240.96 31.61 453.63 46.9
504.0 0.0 3.0 12.0 3.0 1356.1 3502.72 31.61 465.36 34.72
504.0 0.0 3.0 12.0 3.0 1392.3 3907.31 33.72 446.02 45.41
504.0 0.0 3.0 12.0 3.0 1428.1 4238.43 34.71 447.47 64.72
504.0 0.0 3.0 12.0 3.0 1462.0 4484.86 58.63 436.67 64.91
504.0 0.0 3.0 12.0 3.0 1488.1 4621.94 58.63 438.0 64.72
504.0 0.0 3.0 12.0 3.0 1509.1 4756.91 62.44 431.81 99.34
504.0 0.0 3.0 12.0 3.0 1516.8 4864.98 63.8 432.25 99.53
621.0 0.0 2.0 29.0 7.0 47.85 3206.65 41.73 620.53 47.29
621.0 0.0 2.0 29.0 7.0 47.07 3013.56 31.71 628.31 47.29
621.0 0.0 2.0 29.0 7.0 47.19 2872.81 30.46 672.17 45.25
621.0 0.0 2.0 29.0 7.0 42.22 2767.34 30.46 631.53 45.25
621.0 0.0 2.0 29.0 7.0 37.91 2712.14 30.46 609.08 44.01
621.0 0.0 2.0 29.0 7.0 34.58 2662.16 30.18 605.52 44.01
621.0 0.0 2.0 29.0 7.0 32.45 2628.49 30.18 588.97 44.01
621.0 0.0 2.0 29.0 7.0 31.05 2611.77 30.18 590.97 44.01
621.0 0.0 2.0 29.0 7.0 30.91 2593.74 30.18 595.26 44.01
621.0 0.0 2.0 29.0 7.0 30.06 2576.11 30.18 595.74 44.01
621.0 0.0 2.0 29.0 7.0 29.23 2568.68 28.94 592.08 44.01
621.0 0.0 2.0 29.0 7.0 28.52 2548.72 31.71 635.69 44.01
621.0 0.0 2.0 29.0 7.0 28.02 2675.83 35.59 693.34 30.38
621.0 0.0 2.0 29.0 7.0 27.69 2883.59 35.59 697.3 31.63
621.0 0.0 2.0 29.0 7.0 27.07 3187.32 45.79 634.48 45.79
621.0 0.0 2.0 29.0 7.0 24.97 3517.43 48.32 609.2 48.22
621.0 0.0 2.0 29.0 7.0 21.84 3826.81 48.5 610.91 48.5
621.0 0.0 2.0 29.0 7.0 20.68 4093.13 50.84 551.7 48.5
621.0 0.0 2.0 29.0 7.0 20.29 4278.59 69.7 548.71 48.5
621.0 0.0 2.0 29.0 7.0 20.64 4410.03 72.04 515.15 51.4
66.0 0.0 4.0 1.0 1.0 208.98 4291.93 44.14 476.66 49.23
66.0 0.0 4.0 1.0 1.0 200.5 4076.05 44.03 459.47 49.12
66.0 0.0 4.0 1.0 1.0 192.56 3888.49 43.75 457.34 48.84
66.0 0.0 4.0 1.0 1.0 185.44 3732.27 43.46 470.03 47.55
66.0 0.0 4.0 1.0 1.0 179.14 3598.6 42.06 479.93 46.98
66.0 0.0 4.0 1.0 1.0 193.89 3489.11 41.12 485.62 46.95
66.0 0.0 4.0 1.0 1.0 209.7 3387.75 41.09 503.36 46.95
66.0 0.0 4.0 1.0 1.0 227.34 3330.92 41.09 510.34 46.95
66.0 0.0 4.0 1.0 1.0 245.3 3308.06 41.09 513.93 46.95
66.0 0.0 4.0 1.0 1.0 264.25 3271.88 41.06 517.55 46.95
66.0 0.0 4.0 1.0 1.0 284.69 3247.57 41.06 514.04 46.92
66.0 0.0 4.0 1.0 1.0 315.48 3290.04 41.06 509.65 46.95
66.0 0.0 4.0 1.0 1.0 348.31 3400.49 42.64 502.85 40.55
66.0 0.0 4.0 1.0 1.0 383.14 3623.32 43.34 481.2 40.85
66.0 0.0 4.0 1.0 1.0 419.65 3950.3 45.46 484.0 42.84
66.0 0.0 4.0 1.0 1.0 454.93 4302.52 46.03 466.37 43.51
66.0 0.0 4.0 1.0 1.0 489.59 4495.97 47.57 449.96 45.27
66.0 0.0 4.0 1.0 1.0 534.58 4633.31 47.91 449.23 45.36
66.0 0.0 4.0 1.0 1.0 580.18 4845.06 50.27 438.89 45.78
66.0 0.0 4.0 1.0 1.0 625.4 5029.23 51.58 433.32 47.09
258.0 0.0 1.0 29.0 7.0 195.23 3112.87 41.68 637.37 59.82
258.0 0.0 1.0 29.0 7.0 178.54 2945.81 39.57 691.76 53.28
258.0 0.0 1.0 29.0 7.0 162.72 2830.56 39.57 695.88 52.92
258.0 0.0 1.0 29.0 7.0 161.33 2725.69 39.21 692.83 52.92
258.0 0.0 1.0 29.0 7.0 161.2 2639.98 39.21 697.04 52.92
258.0 0.0 1.0 29.0 7.0 161.81 2590.6 39.21 695.56 52.92
258.0 0.0 1.0 29.0 7.0 162.59 2553.56 39.21 691.22 52.92
258.0 0.0 1.0 29.0 7.0 164.08 2511.86 39.21 682.11 52.92
258.0 0.0 1.0 29.0 7.0 166.32 2490.81 37.0 674.68 52.92
258.0 0.0 1.0 29.0 7.0 177.25 2495.29 37.0 680.93 52.92
258.0 0.0 1.0 29.0 7.0 189.08 2531.29 41.42 704.26 52.92
258.0 0.0 1.0 29.0 7.0 201.41 2492.07 37.0 692.92 52.63
258.0 0.0 1.0 29.0 7.0 214.66 2584.72 40.86 685.99 43.36
258.0 0.0 1.0 29.0 7.0 228.99 2796.69 40.86 711.84 43.72
258.0 0.0 1.0 29.0 7.0 244.41 3079.17 45.25 704.1 50.92
258.0 0.0 1.0 29.0 7.0 255.36 3409.34 46.29 643.64 55.84
258.0 0.0 1.0 29.0 7.0 264.32 3710.24 46.39 590.74 56.48
258.0 0.0 1.0 29.0 7.0 273.38 3989.42 46.66 554.03 61.01
258.0 0.0 1.0 29.0 7.0 283.76 4159.3 51.11 539.06 64.71
258.0 0.0 1.0 29.0 7.0 295.41 4254.93 101.57 537.12 64.71
106.0 0.0 2.0 7.0 2.0 708.9 3974.95 42.52 413.1 41.53
106.0 0.0 2.0 7.0 2.0 671.8 3780.79 42.13 402.94 37.01
106.0 0.0 2.0 7.0 2.0 647.1 3601.22 42.13 385.75 37.01
106.0 0.0 2.0 7.0 2.0 657.3 3463.05 41.78 385.33 29.82
106.0 0.0 2.0 7.0 2.0 663.6 3328.66 30.42 401.14 29.82
106.0 0.0 2.0 7.0 2.0 658.7 3239.06 30.42 403.86 29.82
106.0 0.0 2.0 7.0 2.0 647.9 3176.9 30.42 402.45 29.82
106.0 0.0 2.0 7.0 2.0 622.6 3155.27 30.42 410.51 29.82
106.0 0.0 2.0 7.0 2.0 596.8 3135.88 30.42 416.46 29.82
106.0 0.0 2.0 7.0 2.0 569.9 3132.17 30.42 429.88 29.82
106.0 0.0 2.0 7.0 2.0 547.1 3134.52 30.42 435.68 29.82
106.0 0.0 2.0 7.0 2.0 534.9 3230.74 30.42 453.56 29.82
106.0 0.0 2.0 7.0 2.0 529.4 3418.96 37.5 465.85 38.42
106.0 0.0 2.0 7.0 2.0 542.6 3729.7 41.92 493.54 43.94
106.0 0.0 2.0 7.0 2.0 551.9 4049.08 42.31 534.16 46.26
106.0 0.0 2.0 7.0 2.0 552.4 4486.18 43.78 538.8 47.26
106.0 0.0 2.0 7.0 2.0 549.4 4784.93 44.91 532.31 47.7
106.0 0.0 2.0 7.0 2.0 538.2 4851.61 45.09 538.3 48.12
106.0 0.0 2.0 7.0 2.0 526.3 4891.78 44.91 534.75 48.12
106.0 0.0 2.0 7.0 2.0 518.0 5036.11 45.52 526.17 48.12
135.0 0.0 3.0 11.0 3.0 225.9 3710.87 45.75 487.34 45.93
135.0 0.0 3.0 11.0 3.0 228.6 3537.07 45.21 484.33 45.21
135.0 0.0 3.0 11.0 3.0 231.3 3372.24 43.63 479.15 43.63
135.0 0.0 3.0 11.0 3.0 235.0 3257.89 41.03 486.14 41.03
135.0 0.0 3.0 11.0 3.0 239.2 3149.01 37.32 490.52 37.32
135.0 0.0 3.0 11.0 3.0 245.4 3079.15 37.32 490.44 35.45
135.0 0.0 3.0 11.0 3.0 252.7 3024.12 37.32 484.31 35.75
135.0 0.0 3.0 11.0 3.0 261.3 2996.54 35.75 487.69 35.75
135.0 0.0 3.0 11.0 3.0 268.6 3022.89 37.32 507.0 35.75
135.0 0.0 3.0 11.0 3.0 274.1 3033.47 37.32 518.28 35.75
135.0 0.0 3.0 11.0 3.0 276.7 3051.86 41.71 537.54 43.63
135.0 0.0 3.0 11.0 3.0 274.2 3119.04 41.71 546.44 43.63
135.0 0.0 3.0 11.0 3.0 270.3 3261.95 47.14 560.49 47.59
135.0 0.0 3.0 11.0 3.0 265.1 3480.37 47.14 573.54 47.59
135.0 0.0 3.0 11.0 3.0 261.5 3824.49 47.31 594.1 49.68
135.0 0.0 3.0 11.0 3.0 265.0 4232.1 48.55 571.25 50.99
135.0 0.0 3.0 11.0 3.0 268.2 4469.4 48.55 559.54 50.92
135.0 0.0 3.0 11.0 3.0 273.5 4569.33 48.55 531.97 50.99
135.0 0.0 3.0 11.0 3.0 279.6 4694.73 51.16 533.52 50.96
135.0 0.0 3.0 11.0 3.0 287.8 4813.73 51.16 522.71 53.6
490.0 0.0 3.0 10.0 3.0 798.0 3787.21 53.41 462.38 53.46
490.0 0.0 3.0 10.0 3.0 826.7 3620.61 52.09 483.28 53.46
490.0 0.0 3.0 10.0 3.0 852.6 3524.74 49.77 498.91 44.87
490.0 0.0 3.0 10.0 3.0 869.0 3398.89 45.04 475.38 42.86
490.0 0.0 3.0 10.0 3.0 887.6 3332.91 45.04 427.38 42.86
490.0 0.0 3.0 10.0 3.0 913.7 3260.45 45.04 411.12 42.86
490.0 0.0 3.0 10.0 3.0 935.3 3203.33 43.98 420.09 42.86
490.0 0.0 3.0 10.0 3.0 942.4 3184.96 43.98 421.02 42.54
490.0 0.0 3.0 10.0 3.0 949.3 3163.08 36.45 427.04 42.54
490.0 0.0 3.0 10.0 3.0 960.2 3145.46 36.45 428.49 42.54
490.0 0.0 3.0 10.0 3.0 970.9 3146.57 36.45 431.24 42.54
490.0 0.0 3.0 10.0 3.0 979.5 3217.32 45.04 435.27 38.52
490.0 0.0 3.0 10.0 3.0 987.7 3390.41 38.15 440.17 43.32
490.0 0.0 3.0 10.0 3.0 996.7 3586.41 53.47 463.14 43.32
490.0 0.0 3.0 10.0 3.0 1005.4 3929.17 51.61 456.91 53.04
490.0 0.0 3.0 10.0 3.0 1015.4 4313.21 55.02 426.98 54.58
490.0 0.0 3.0 10.0 3.0 1025.6 4577.99 55.56 404.46 54.73
490.0 0.0 3.0 10.0 3.0 1035.5 4701.17 56.83 404.74 55.03
490.0 0.0 3.0 10.0 3.0 1045.0 4908.83 62.42 404.09 55.71
490.0 0.0 3.0 10.0 3.0 1049.6 5058.54 63.6 392.11 55.99
532.0 0.0 4.0 16.0 4.0 643.29 3418.57 75.28 507.16 60.92
532.0 0.0 4.0 16.0 4.0 569.72 3343.14 65.89 517.45 60.92
532.0 0.0 4.0 16.0 4.0 501.64 3231.01 58.8 525.97 60.92
532.0 0.0 4.0 16.0 4.0 466.36 3125.89 58.8 540.61 60.92
532.0 0.0 4.0 16.0 4.0 432.96 3058.88 58.8 556.52 60.92
532.0 0.0 4.0 16.0 4.0 400.98 2994.64 58.8 573.74 60.92
532.0 0.0 4.0 16.0 4.0 370.59 2942.3 58.8 576.81 60.92
532.0 0.0 4.0 16.0 4.0 341.47 2911.25 58.8 570.64 60.92
532.0 0.0 4.0 16.0 4.0 314.38 2885.01 58.8 577.61 60.92
532.0 0.0 4.0 16.0 4.0 282.62 2899.28 58.8 603.59 60.92
532.0 0.0 4.0 16.0 4.0 252.17 2938.82 74.33 615.26 62.76
532.0 0.0 4.0 16.0 4.0 224.04 3086.86 75.28 606.58 62.86
532.0 0.0 4.0 16.0 4.0 197.82 3190.78 46.87 593.44 47.24
532.0 0.0 4.0 16.0 4.0 172.96 3387.26 47.78 556.44 49.6
532.0 0.0 4.0 16.0 4.0 149.9 3692.05 50.43 560.03 59.22
532.0 0.0 4.0 16.0 4.0 132.77 4090.0 64.74 544.53 71.73
532.0 0.0 4.0 16.0 4.0 116.48 4433.83 65.0 507.61 92.21
532.0 0.0 4.0 16.0 4.0 100.33 4585.08 140.78 495.78 108.49
532.0 0.0 4.0 16.0 4.0 77.35 4677.2 131.24 504.94 115.32
532.0 0.0 4.0 16.0 4.0 59.77 4714.84 131.49 504.69 98.27
529.0 0.0 1.0 16.0 4.0 1478.77 3419.08 32.69 277.46 32.69
529.0 0.0 1.0 16.0 4.0 1477.61 3439.43 32.69 285.89 32.69
529.0 0.0 1.0 16.0 4.0 1475.63 3354.54 32.69 283.1 29.9
529.0 0.0 1.0 16.0 4.0 1477.76 3316.06 32.69 304.56 29.9
529.0 0.0 1.0 16.0 4.0 1477.29 3244.48 31.03 302.05 29.9
529.0 0.0 1.0 16.0 4.0 1475.25 3170.54 34.36 309.44 29.9
529.0 0.0 1.0 16.0 4.0 1472.38 3092.41 32.69 329.62 29.9
529.0 0.0 1.0 16.0 4.0 1468.61 3043.59 32.69 309.2 34.36
529.0 0.0 1.0 16.0 4.0 1463.68 3016.35 32.69 318.28 29.9
529.0 0.0 1.0 16.0 4.0 1467.54 3039.67 32.69 322.8 29.9
529.0 0.0 1.0 16.0 4.0 1470.55 3092.82 29.9 322.12 29.9
529.0 0.0 1.0 16.0 4.0 1472.34 3124.53 34.36 336.71 35.57
529.0 0.0 1.0 16.0 4.0 1471.33 3246.88 35.37 395.8 48.58
529.0 0.0 1.0 16.0 4.0 1467.12 3426.45 52.96 426.58 48.58
529.0 0.0 1.0 16.0 4.0 1459.02 3708.03 58.85 461.23 51.49
529.0 0.0 1.0 16.0 4.0 1459.84 4082.0 49.18 453.6 68.26
529.0 0.0 1.0 16.0 4.0 1461.42 4372.98 49.18 445.78 68.26
529.0 0.0 1.0 16.0 4.0 1462.57 4514.89 49.18 430.95 69.21
529.0 0.0 1.0 16.0 4.0 1460.67 4550.82 50.53 441.33 69.21
529.0 0.0 1.0 16.0 4.0 1455.71 4577.25 50.53 438.85 69.21
767.0 0.0 1.0 50.0 12.0 1269.81 3756.79 33.68 387.22 50.08
767.0 0.0 1.0 50.0 12.0 1279.99 3572.46 32.3 391.17 37.96
767.0 0.0 1.0 50.0 12.0 1289.3 3458.85 33.68 415.07 37.96
767.0 0.0 1.0 50.0 12.0 1297.38 3317.55 32.3 402.24 33.68
767.0 0.0 1.0 50.0 12.0 1303.16 3218.57 32.3 407.59 33.68
767.0 0.0 1.0 50.0 12.0 1307.95 3135.69 30.52 380.64 33.68
767.0 0.0 1.0 50.0 12.0 1311.88 3094.51 30.52 376.09 27.36
767.0 0.0 1.0 50.0 12.0 1322.93 3070.55 30.52 370.17 33.68
767.0 0.0 1.0 50.0 12.0 1333.72 3060.81 30.25 364.48 32.3
767.0 0.0 1.0 50.0 12.0 1344.15 3057.44 30.25 387.54 32.3
767.0 0.0 1.0 50.0 12.0 1354.26 3085.0 28.74 372.74 32.31
767.0 0.0 1.0 50.0 12.0 1363.63 3151.0 32.3 396.54 33.68
767.0 0.0 1.0 50.0 12.0 1372.34 3322.72 38.51 421.11 36.11
767.0 0.0 1.0 50.0 12.0 1386.48 3604.61 38.51 415.3 50.42
767.0 0.0 1.0 50.0 12.0 1399.95 4048.75 49.1 397.79 50.42
767.0 0.0 1.0 50.0 12.0 1412.73 4539.81 56.48 389.08 50.62
767.0 0.0 1.0 50.0 12.0 1424.5 4823.58 57.8 377.2 51.58
767.0 0.0 1.0 50.0 12.0 1435.12 4825.18 57.8 387.04 50.62
767.0 0.0 1.0 50.0 12.0 1444.66 4865.7 57.8 384.1 51.58
767.0 0.0 1.0 50.0 12.0 1452.98 4920.14 57.8 385.28 61.95
508.0 0.0 0.0 13.0 3.0 1008.3 3628.23 101.8 525.85 45.52
508.0 0.0 0.0 13.0 3.0 1018.8 3503.2 71.89 523.26 45.52
508.0 0.0 0.0 13.0 3.0 1026.8 3400.11 76.75 536.55 46.63
508.0 0.0 0.0 13.0 3.0 1031.0 3284.49 76.75 540.66 45.52
508.0 0.0 0.0 13.0 3.0 1036.4 3225.34 71.89 522.42 45.52
508.0 0.0 0.0 13.0 3.0 1049.0 3155.82 71.89 548.63 45.52
508.0 0.0 0.0 13.0 3.0 1057.8 3101.53 71.89 536.13 34.49
508.0 0.0 0.0 13.0 3.0 1056.7 3050.75 71.89 545.01 34.49
508.0 0.0 0.0 13.0 3.0 1055.2 3015.96 60.86 545.28 34.49
508.0 0.0 0.0 13.0 3.0 1051.8 3002.74 60.86 548.63 34.49
508.0 0.0 0.0 13.0 3.0 1048.9 2985.81 60.86 549.53 44.54
508.0 0.0 0.0 13.0 3.0 1049.5 3013.43 71.89 549.23 145.72
508.0 0.0 0.0 13.0 3.0 1049.5 3148.65 34.48 597.98 87.34
508.0 0.0 0.0 13.0 3.0 1051.9 3261.64 34.48 606.49 94.92
508.0 0.0 0.0 13.0 3.0 1057.8 3363.84 34.48 582.99 105.85
508.0 0.0 0.0 13.0 3.0 1072.8 3528.74 34.48 553.5 107.86
508.0 0.0 0.0 13.0 3.0 1089.3 3647.94 34.48 511.01 130.37
508.0 0.0 0.0 13.0 3.0 1104.9 3834.71 45.32 488.31 124.94
508.0 0.0 0.0 13.0 3.0 1115.8 4088.32 71.39 475.03 125.01
508.0 0.0 0.0 13.0 3.0 1111.7 4311.63 73.32 461.31 124.64
46.0 0.0 5.0 50.0 12.0 1008.02 4365.43 43.57 500.83 43.84
46.0 0.0 5.0 50.0 12.0 1014.15 4148.81 43.48 510.0 43.48
46.0 0.0 5.0 50.0 12.0 1019.55 3962.66 43.42 510.91 43.42
46.0 0.0 5.0 50.0 12.0 1024.31 3759.97 43.07 506.28 43.42
46.0 0.0 5.0 50.0 12.0 1028.49 3628.39 43.07 473.43 43.07
46.0 0.0 5.0 50.0 12.0 1045.11 3482.85 42.6 446.36 42.96
46.0 0.0 5.0 50.0 12.0 1061.15 3384.13 27.19 425.57 27.19
46.0 0.0 5.0 50.0 12.0 1076.69 3344.19 27.19 415.45 27.19
46.0 0.0 5.0 50.0 12.0 1091.55 3315.55 27.19 442.29 42.6
46.0 0.0 5.0 50.0 12.0 1105.66 3286.45 0.0 426.07 27.19
46.0 0.0 5.0 50.0 12.0 1118.41 3266.01 0.0 431.01 27.19
46.0 0.0 5.0 50.0 12.0 1111.82 3257.79 0.0 420.73 27.19
46.0 0.0 5.0 50.0 12.0 1103.22 3327.16 26.97 419.92 26.97
46.0 0.0 5.0 50.0 12.0 1093.35 3409.57 42.14 425.5 42.7
46.0 0.0 5.0 50.0 12.0 1082.42 3540.08 42.88 452.04 42.88
46.0 0.0 5.0 50.0 12.0 1070.58 3732.54 46.07 447.46 42.88
46.0 0.0 5.0 50.0 12.0 1058.03 3879.69 46.07 469.51 45.23
46.0 0.0 5.0 50.0 12.0 1045.44 4015.02 46.29 483.98 45.45
46.0 0.0 5.0 50.0 12.0 1028.6 4284.84 46.67 480.23 45.83
46.0 0.0 5.0 50.0 12.0 1005.63 4531.12 46.74 491.99 46.09
32.0 0.0 5.0 48.0 12.0 1019.6 3928.92 43.0 375.11 48.04
32.0 0.0 5.0 48.0 12.0 1016.9 3706.74 42.98 367.5 46.37
32.0 0.0 5.0 48.0 12.0 1011.0 3524.16 42.57 345.37 45.96
32.0 0.0 5.0 48.0 12.0 998.7 3359.07 42.57 340.93 45.96
32.0 0.0 5.0 48.0 12.0 985.6 3235.14 40.82 337.74 45.96
32.0 0.0 5.0 48.0 12.0 971.5 3125.34 27.13 348.08 30.52
32.0 0.0 5.0 48.0 12.0 953.9 3067.0 27.13 362.38 30.52
32.0 0.0 5.0 48.0 12.0 928.3 3020.35 27.13 364.66 30.52
32.0 0.0 5.0 48.0 12.0 903.4 3005.95 27.13 369.41 30.52
32.0 0.0 5.0 48.0 12.0 876.2 2977.03 27.13 374.44 30.52
32.0 0.0 5.0 48.0 12.0 845.7 3025.92 27.13 381.8 30.52
32.0 0.0 5.0 48.0 12.0 803.7 3044.36 40.82 389.11 33.95
32.0 0.0 5.0 48.0 12.0 762.2 3080.73 41.83 374.81 41.83
32.0 0.0 5.0 48.0 12.0 718.6 3190.21 41.83 371.6 41.83
32.0 0.0 5.0 48.0 12.0 679.4 3351.97 41.84 382.05 41.84
32.0 0.0 5.0 48.0 12.0 648.4 3537.19 41.85 444.55 41.84
32.0 0.0 5.0 48.0 12.0 623.3 3590.56 42.07 460.96 41.84
32.0 0.0 5.0 48.0 12.0 613.5 3744.25 42.38 502.93 44.38
32.0 0.0 5.0 48.0 12.0 605.7 3971.88 43.29 530.67 42.96
32.0 0.0 5.0 48.0 12.0 607.5 4195.76 43.29 510.81 42.96
