0 88.35 135495
0 80.11 109205
0 80.11 107220
0 79.05 106976
0 78.68 106228
0 78.68 106068
0 78.68 106022
0 78.68 103322
0 78.68 103314
0 78.31 103353
0 79.05 103364
0 79.05 108405
0 79.05 107192
0 64.7 82361.8
0 67.99 84238.7
0 70.73 95872.9
0 76.42 98094.1
0 91.58 101799
0 96.61 102725
0 76.48 103381
0 74.65 108367
0 74.18 108423
0 74.17 108693
0 72.61 107075
0 74.63 109521
0 76.8 119489
0 76.8 119415
0 74.16 119276
0 72.61 102894
0 72.61 102756
0 72.61 102622
0 74.63 101864
0 74.63 102023
0 76.8 102036
0 76.81 102165
0 83.94 102603
0 76.81 102659
0 75.1 102213
0 74.64 101945
0 74.32 105261
0 71.91 102580
0 74.32 101699
0 76.81 101695
1 49.52 82192.8
1 52.7 78594.1
1 39.42 88866.1
1 37.24 64595.2
1 36.89 60943.9
1 36.89 62210.1
1 36.89 60392.1
1 36.89 59547.7
1 36.89 59356.7
1 36.89 59182.2
1 36.89 58952.2
1 36.89 58795.7
1 36.89 58763.7
1 29.64 47394.7
1 29.64 47464.6
1 29.64 47530.7
1 29.64 47742.8
1 29.64 47796.6
1 29.64 47820.4
1 33.63 50606.9
1 39.2 63674
1 43.87 64054.1
1 50.01 64284.1
1 58.76 88215.7
1 59.91 82183.3
1 68.62 97229.2
1 76.16 105074
1 76.16 108761
1 76.16 105630
1 73.53 97965.8
1 72.29 96853.6
1 73.15 81904.4
1 80.83 81888.1
1 84.63 100618
1 87.7 130274
1 169.06 133897
1 98.56 247568
1 93.28 249080
1 84.63 135395
1 76.16 134166
1 76.16 130737
1 73.72 130531
1 70.26 130382
2 60.06 80342.8
2 46.7 69247.6
2 46.07 66616.2
2 45.71 65306.6
2 45.71 64552.4
2 42.22 64383.9
2 42.22 58754.4
2 42.22 58710.5
2 42.22 58675.5
2 42.22 58658.7
2 42.22 58646.9
2 46.7 65640.2
2 42.22 59591.8
2 42.37 65877
2 42.98 70914.6
2 47.42 75700.3
2 49.69 83914
2 60.24 92182.8
2 60.93 101188
2 63.51 106388
2 67.54 106153
2 68.67 106825
2 78.12 107278
2 78.12 108633
2 78.12 108689
2 78.12 108684
2 78.12 108738
2 78.12 108645
2 64.03 104526
2 64.75 102330
2 62.72 103602
2 64.78 102880
2 67.3 107327
2 70.36 106678
2 77.82 108596
2 77.82 108651
2 77.88 706511
2 69.76 108654
2 60.93 107211
2 49.9 106679
2 49.21 100306
2 49.21 95457.3
2 49.21 92405.7
3 57.63 75240
3 46.05 64788.1
3 45.42 63603.9
3 45.07 63339.3
3 45.07 62642.6
3 45.07 62532.4
3 45.07 62456.3
3 45.07 62414.9
3 45.07 62374.7
3 45.07 62369.5
3 45.07 62370.5
3 45.07 62379.9
3 45.07 62337.7
3 42.87 71126.9
3 44.11 71819.5
3 50.07 75969.5
3 53.74 94429.5
3 50.57 93984.7
3 78.34 107227
3 120.92 146973
3 138.26 152091
3 135.51 151942
3 149.5 151377
3 164.3 152042
3 170.54 161988
3 157.33 151368
3 177.63 150194
3 146.15 149812
3 114.72 144087
3 122.65 140965
3 105.29 141166
3 90.46 143291
3 101.55 146488
3 115.56 147620
3 115.56 148220
3 115.56 151729
3 115.56 154922
3 65.89 148915
3 50.57 106928
3 50.07 104438
3 50.57 103448
3 50.07 93658.6
3 50.07 93627.6
4 45.16 72009.3
4 43.16 62473.6
4 37.42 62354.3
4 37.42 61757.8
4 37.42 61530.4
4 37.42 61187.1
4 37.42 61020.8
4 37.42 60912.2
4 37.42 60853.3
4 37.07 60836.6
4 37.07 53557.4
4 37.07 53462.5
4 37.07 60738.2
4 37.28 75477.5
4 37.28 90060.9
4 37.63 90357
4 37.63 91321.6
4 37.63 87232.9
4 37.63 91551.7
4 44.12 95023.2
4 56.99 95275.1
4 68.2 95424.1
4 68.2 103556
4 66.25 105159
4 61.35 106436
4 57.91 106677
4 55.79 106770
4 50.5 105845
4 50.5 102061
4 50.5 94880.9
4 50.15 92546.3
4 50.5 92478.1
4 50.5 92503.6
4 50.5 92484.7
4 50.5 94845.5
4 66.25 102102
4 68.2 104588
4 68.2 105819
4 68.2 103577
4 68.2 87895.8
4 66.25 84476.9
4 62.3 80122.5
4 61.32 74496.9
5 52.55 94479.7
5 48.43 90541.2
5 48.43 90175.8
5 48.1 76790.5
5 41.88 76548.8
5 40.5 76406
5 40.12 76285.4
5 39.81 74014.1
5 40.5 73935.3
5 40.5 73883.5
5 40.5 72769.2
5 40.5 74947.9
5 40.5 76023.6
5 45.12 68543.1
5 45.12 68462.8
5 46.84 68550.7
5 52.79 68708.3
5 52.79 68965.3
5 52.79 69298.8
5 52.79 69642.4
5 54.89 79377
5 56.56 80930.1
5 58.03 83170
5 58.86 83231.3
5 59.62 144985
5 78.46 151062
5 78.46 156078
5 78.46 146718
5 58.43 144751
5 57.66 144492
5 55.56 140026
5 55.56 125448
5 55.56 117800
5 55.56 117817
5 55.56 125499
5 55.56 125570
5 57.66 144603
5 57.66 144688
5 57.66 144703
5 57.66 145305
5 58.54 145374
5 78.38 145384
5 78.38 145562
6 61.34 92735.7
6 46.72 64077.2
6 46.38 63889.6
6 46.38 60299.1
6 46.38 60151.6
6 46.38 59458.1
6 46.38 59317.8
6 46.38 59284.5
6 46.38 59303.9
6 46.38 59259.5
6 46.38 59231.8
6 46.38 59092.9
6 46.38 59676.9
6 38.65 63826.1
6 47.32 64635.4
6 47.68 78855.3
6 49.36 79825.9
6 49.11 80149.3
6 49.11 80270
6 50.02 83139.8
6 50.02 83837.8
6 50.02 84015.5
6 51.73 92327.7
6 51.73 84188.9
6 51.73 92423.6
6 69.99 92508.8
6 69.99 92541.1
6 69.99 92496.5
6 69.99 92340.1
6 69.33 84071.5
6 69.33 92374.5
6 69.99 92410.8
6 69.99 92587.1
6 71.7 97181.9
6 96.07 102108
6 131.94 212846
6 144.71 314356
6 110.19 203797
6 96.07 203460
6 96.07 203269
6 96.07 198817
6 94.2 194446
6 49.86 194090
7 119.41 172501
7 45.65 76457.6
7 45.41 76022.1
7 45.41 75813.6
7 44.35 74952.9
7 44.02 74799.3
7 42.81 74632.3
7 42.81 74530.7
7 42.81 74492.2
7 42.81 74482.5
7 42.81 74471.6
7 42.81 74848.8
7 42.81 74826.7
7 54.79 98899.4
7 55.18 107148
7 56.27 110007
7 57.71 111163
7 60 112799
7 60 113582
7 66.62 119840
7 66.62 132773
7 66.62 134653
7 66.62 141174
7 66.62 131763
7 66.62 138209
7 66.62 127560
7 60 119724
7 57.84 119660
7 57.47 117536
7 57.47 113729
7 57.47 113625
7 57.47 113445
7 57.47 113382
7 57.47 113386
7 57.71 113462
7 59.54 116459
7 60 117285
7 59.92 117282
7 57.84 113487
7 57.37 113447
7 57.37 83783.3
7 57.84 80011.8
7 59.92 83806.7
8 51.27 181053
8 46.71 75077.1
8 38.8 73881.6
8 29.83 70538.5
8 29.83 62928.2
8 38.8 68559.8
8 38.8 68451.9
8 39.67 68342.5
8 29.83 62342.9
8 39.67 62296.8
8 39.67 62286.5
8 39.67 62310.1
8 39.67 72097
8 43.6 68302.1
8 44.23 72470.8
8 46.32 76199.3
8 46.48 77095.4
8 47.9 80447.5
8 47.64 79457.8
8 47.64 78941.7
8 47.19 79836.9
8 47.19 79863.9
8 47.19 79932
8 47.19 79987.4
8 46.48 80042.4
8 48.8 80044.5
8 47.19 80057.9
8 47.19 80102.5
8 47.19 79997.9
8 47.19 80013.4
8 47.19 80105.4
8 47.19 80118.9
8 47.19 80232.3
8 47.19 80387.8
8 47.64 80630.8
8 47.64 80810.3
8 69 80990.8
8 69 100703
8 102.38 314239
8 439.38 599667
8 91.63 314184
8 80 100836
8 68.91 81119.4
9 49.21 91492.5
9 42.98 78280
9 42.97 76876.9
9 39.46 75971.3
9 38.78 70200
9 38.42 69786
9 38.42 69681.8
9 38.42 69556.7
9 38.42 69476
9 38.42 69391.4
9 38.42 69277.3
9 38.42 74903.7
9 38.42 72661.8
9 34.78 81570.9
9 39.19 81784.3
9 43.11 93551
9 45.11 96676.6
9 47.58 97234.1
9 47.58 99370.8
9 440.53 103484
9 59.12 115619
9 59.12 117209
9 59.84 108209
9 61.38 109144
9 69.14 127372
9 69.55 130919
9 69.55 132442
9 60.37 113792
9 59.12 108335
9 59.12 108359
9 59.12 115294
9 59.12 108409
9 59.12 108535
9 59.12 116260
9 65.34 123650
9 69.41 126948
9 64.51 128978
9 69.38 121168
9 64.75 104051
9 57.01 99207.4
9 47.58 79758.2
9 45.11 75675.5
9 45.11 75532.8
10 79.83 167227
10 50.47 86863.1
10 50.47 86679.7
10 50.47 73243
10 50.47 69226.4
10 50.47 69080.4
10 50.47 68953.9
10 50.47 68866.5
10 50.47 68885.3
10 50.47 68910.4
10 42.9 68972.4
10 42.9 69109.4
10 50.47 69179.1
10 43.53 58261
10 51.87 85948.1
10 52.29 88327.3
10 53.51 91529.1
10 278.87 121039
10 284.97 147514
10 59.57 135797
10 59.57 144010
10 59.57 145578
10 59.57 144831
10 59.57 139222
10 59.57 141078
10 59.57 146034
10 59.57 154481
10 59.57 155325
10 53.46 128939
10 53.46 118821
10 53.46 118860
10 53.46 118861
10 53.51 137866
10 59.57 154059
10 59.57 136055
10 112.78 157690
10 112.78 157775
10 141.04 157917
10 110.75 133960
10 110.75 127440
10 106.72 119095
10 108.72 119105
10 112.78 127547
11 45.62 76032.1
11 42.81 64236.6
11 38.12 63999.6
11 38.12 63164.5
11 37.77 62978
11 37.77 62852.7
11 37.77 62787.1
11 37.77 62741.8
11 37.77 62704
11 37.77 62692.6
11 37.77 62733.4
11 37.77 62789.9
11 37.77 62803.5
11 37.89 58233.7
11 38.99 65232.6
11 45.79 73975.5
11 56.49 75824.5
11 63.83 75719
11 61.05 78931.8
11 69.53 81743.8
11 76.01 87916.1
11 76.01 81994.9
11 76.01 88543.1
11 76.01 89652.7
11 76.01 90255.7
11 75.78 89825.7
11 75.74 90584.5
11 75.74 90050.1
11 65.01 87757.4
11 61.33 82127.4
11 61.08 82142.5
11 62.08 82141.4
11 60.26 88680
11 62.64 88070.4
11 70.12 90361.7
11 75.37 90948.5
11 75.37 265170
11 75.37 266222
11 68.07 265303
11 60.03 257355
11 49.72 79114.2
11 46.19 78927.1
11 46.19 77139.8
12 165.01 334836
12 45.77 74904.8
12 43.35 72574.9
12 40.57 71566.5
12 40.74 63582.9
12 40.9 63456.9
12 40.79 63280.3
12 40.96 63173.6
12 41.12 63101.3
12 41.57 62147.9
12 40.49 62974.6
12 41.9 63078.7
12 42.07 64871.3
12 47.73 62389.9
12 48.95 66769.9
12 49.57 80208.2
12 49.96 81923.4
12 92.67 83058.1
12 92.67 125171
12 93.37 128690
12 93.37 128804
12 93.37 128802
12 93.37 128788
12 93.37 128745
12 93.37 128739
12 92.67 128754
12 93.37 128738
12 92.67 128005
12 92.3 127787
12 92.31 127686
12 92.3 127699
12 92.3 127756
12 92.3 127865
12 92.3 128676
12 92.3 128891
12 92.31 140316
12 92.67 140557
12 93.37 152389
12 92.67 129802
12 92.67 129073
12 93.37 134585
12 93.37 151857
12 93.37 152645
13 48.22 99684.9
13 44.22 90421.6
13 43.59 86714.2
13 43.59 85800.9
13 43.57 84614.5
13 42.56 84345.8
13 42.56 82416.4
13 42.53 58088.7
13 42.53 58056.5
13 42.53 58086.9
13 42.53 58000.4
13 42.53 58027.8
13 42.53 58107.6
13 44 78237.2
13 44.47 80961
13 46.68 82922.2
13 49.86 86579.1
13 61.64 86815.3
13 49.86 88613.8
13 50.53 88725.1
13 50.53 89805.6
13 50.53 93943.3
13 77.28 93841.9
13 121.09 93855.8
13 60.36 93902.6
13 50.53 93977.6
13 50.53 94051.2
13 50.53 94067.5
13 50.53 89777.8
13 50.53 89777.9
13 50.53 93927.5
13 50.53 89737.9
13 50.53 93984.9
13 50.76 94130.1
13 83.9 106814
13 78.98 110755
13 422.74 245523
13 78.92 242758
13 62.11 115949
13 50.66 106633
13 64.38 103554
13 50.53 94496.1
13 50.53 90125.2
14 49.89 91057.6
14 45.03 77527.6
14 44.7 76092
14 43.91 78617.1
14 43.91 75652.7
14 42.38 75400.8
14 42.01 74339.4
14 42.01 73317.9
14 42.01 73170.4
14 42.01 73103.8
14 41.61 73035
14 41.61 72970.4
14 40.61 69877.5
14 45.65 73096.7
14 44.42 73142.3
14 44.42 75373.1
14 44.42 74043
14 44.42 73121.2
14 44.42 74265.2
14 46.1 73700
14 48.25 76195.5
14 48.25 76511.7
14 49.63 76640
14 50.37 76803.5
14 50.7 78967.8
14 51.18 79117.6
14 51.5 79363.3
14 50.82 79185
14 49.53 79012.7
14 48.25 76676.3
14 47.15 76526.8
14 46.81 76283.3
14 46.67 75013
14 46.67 74970.4
14 47.42 76089
14 48.25 76421.2
14 109.55 76636.9
14 124.59 146056
14 138.4 171428
14 146.91 192353
14 112.38 178637
14 51.22 148429
14 50.22 148222
15 43.84 86296.9
15 42.96 79993.3
15 39.84 79650.7
15 39.48 79380.3
15 39.39 79201.1
15 39.39 73071.7
15 39.39 72929.3
15 39.39 72769.6
15 28.62 61600.5
15 28.62 61542.4
15 28.62 61507
15 28.62 61443.1
15 28.62 61323.2
15 28.01 64301.5
15 28.01 64363.7
15 42.78 64444.9
15 42.78 74106.1
15 39.42 64826.9
15 39.42 75600
15 43.27 83530.3
15 44.77 83766.2
15 45.74 86519.6
15 46.08 89571
15 56.34 97033
15 59.14 97256.6
15 68.82 97396.3
15 108.72 105413
15 109.37 109601
15 102.85 104631
15 101.96 100135
15 99.87 97374.1
15 99.87 97247.9
15 99.87 97152.4
15 99.87 97265.8
15 101.43 97323
15 102.7 103575
15 105.8 111550
15 75.05 117461
15 69.5 112050
15 64.48 102732
15 61.51 97617.4
15 58.98 97517.9
15 56.34 97394.2
16 50.07 93644.5
16 42.87 77709.1
16 42.46 76154.5
16 42.46 75900.2
16 42.46 75130.9
16 38.21 74995.4
16 37.4 74893.2
16 37.4 73489.3
16 37.4 73371.9
16 37.4 73294.4
16 37.4 73263.7
16 38.21 74482.9
16 38.21 71211.5
16 41.98 83594.4
16 42.24 89729.7
16 46.96 93239.4
16 49.31 113492
16 58.94 116032
16 63.91 123093
16 63.95 121312
16 67.23 124414
16 69.93 129199
16 70.88 131577
16 70.54 134562
16 70.54 133802
16 70.7 133144
16 70.59 133382
16 70.55 130328
16 70.51 119974
16 70.44 116531
16 70.37 117507
16 70.37 116520
16 70.37 119125
16 70.41 121712
16 70.41 126105
16 70.41 131411
16 70.42 129602
16 66.97 121719
16 63.69 113292
16 63.69 109005
16 63.7 109926
16 63.84 110194
16 63.84 103861
17 56.34 97305.7
17 44.58 76489.7
17 44.58 76353.1
17 43.46 75113.9
17 40.39 74445.3
17 39.75 74314.8
17 39.75 68446.4
17 39.75 68382.8
17 39.75 68282.9
17 39.75 68289.1
17 39.75 68317.3
17 39.75 73861.3
17 39.75 73851.4
17 42.21 57431.3
17 42.78 57613.7
17 43.27 57802.6
17 44.77 63349.3
17 69.4 63658.8
17 71.4 64872
17 86.86 65192.4
17 82.38 67808.2
17 85.53 79032.4
17 87.94 83008.7
17 92.43 89086.6
17 96.46 159556
17 101.38 166093
17 100.61 167287
17 87.94 167100
17 87.5 162849
17 63.31 159338
17 60.76 159259
17 60.71 159242
17 60.71 159216
17 60.71 159204
17 60.71 163663
17 60.71 164529
17 62.71 169544
17 60.71 166324
17 60.71 88174.7
17 60.71 87817.1
17 60.71 82484.1
17 60.71 82314.1
17 59.21 82274.5
18 63.16 86008.2
18 44.9 75172.3
18 44.87 74788.4
18 44.87 73981.7
18 44.07 73764.3
18 44.7 73483.7
18 44.87 72067.6
18 44.87 70734.3
18 44.87 70726.8
18 44.87 70765.4
18 44.87 2474.89
18 44.87 2542.29
18 44.7 70883.9
18 43.38 71584.8
18 44.16 72187.4
18 44.48 75105.7
18 46.07 83277.5
18 46.07 87206.2
18 46.07 94274.8
18 47.91 97208.6
18 49.05 102773
18 49.05 102782
18 49.05 102888
18 50.54 99207.9
18 50.54 99642
18 50.54 100219
18 50.54 103428
18 48.6 103621
18 46.75 99847.5
18 46.75 99587
18 48.6 102546
18 49.05 102893
18 50.54 101918
18 91.4 104204
18 112.25 128117
18 139.93 191303
18 139.84 359204
18 139.83 191409
18 125.43 147598
18 108.09 127568
18 93.7 103875
18 50.54 103454
18 49.05 97847.8
19 55.8 77085.1
19 47.44 68790.3
19 45.95 68608.6
19 46.19 67621.8
19 45.95 67499.2
19 45.95 66106.6
19 40.63 65957.1
19 38.96 65910.9
19 38 63914.8
19 38 63910.1
19 38 63902.1
19 38 67112.9
19 38.96 67121.4
19 38.3 63627.4
19 38.3 67603.5
19 43.96 73259.3
19 46.44 74250.4
19 91.02 74800.2
19 91.02 78893.9
19 91.02 79020.8
19 91.02 188955
19 91.02 189007
19 100.4 188994
19 101.65 189002
19 100.03 189057
19 107 189049
19 108.07 189063
19 95.65 188914
19 91.02 78980.1
19 91.02 78992
19 91.02 78999.2
19 103.6 79080
19 109.01 79177.2
19 116.27 79246.2
19 124.39 79452.8
19 99.76 79560.3
19 99.94 79584.4
19 153.94 79440
19 165.77 75871.6
19 118.81 75170.1
19 109.36 74878.2
19 46.44 74670.4
19 46.44 74668.1
20 94.49 152479
20 39.1 68025
20 36.72 67818.2
20 36.72 66434.6
20 36.72 62966.7
20 34.47 62788.1
20 34.4 62689.7
20 34.4 62581.6
20 34.47 61995.6
20 34.47 61974.5
20 34.47 61966.6
20 34.4 61978.3
20 34.4 63210.9
20 43.01 58871
20 43.01 65059.6
20 49.27 81714.6
20 54.6 91051
20 54.6 93480.4
20 54.6 93485.1
20 55.61 93541.5
20 61.44 108189
20 55.61 116233
20 55.61 116303
20 55.61 116309
20 55.61 116281
20 55.61 114502
20 55.61 116354
20 55.61 116364
20 54.6 114476
20 55.61 114487
20 55.61 114589
20 55.61 116496
20 57.3 116720
20 58.86 121647
20 66.87 154531
20 66.87 156458
20 330.86 197395
20 330.84 197374
20 67.23 156653
20 66.92 156585
20 67.23 156663
20 66.91 151463
20 66.53 146939
21 87.92 115435
21 50.75 86224.5
21 34.55 84251.2
21 34.55 74798
21 32.35 57818.6
21 32.35 57670.5
21 34.55 54000.3
21 34.55 53951
21 34.55 53908.7
21 34.55 53949.5
21 34.55 53961.2
21 34.55 54004.8
21 34.55 54135
21 46.92 57867.6
21 52.95 80690.8
21 56.18 92889.9
21 61.53 102420
21 61.53 102875
21 61.54 97965.9
21 70.82 103422
21 70.82 118388
21 70.82 118542
21 93.31 118662
21 127.2 118758
21 98.83 118846
21 120.29 118970
21 124.93 128352
21 119.05 134684
21 94.67 118799
21 94.67 118692
21 94.67 118698
21 100.56 118693
21 119.24 155957
21 142.59 231442
21 108.73 231657
21 127.27 231846
21 146.22 231997
21 136.99 246170
21 177.33 275448
21 304.14 480452
21 251.29 346854
21 128 253446
21 143.58 232037
22 52.79 104014
22 42.03 69997.6
22 40.31 66973.5
22 39.94 66061.2
22 37.96 65754.9
22 37.96 65571.7
22 37.96 57800.4
22 37.96 54669.4
22 37.96 41741.1
22 37.96 41761.5
22 37.96 62001.9
22 37.96 62148.5
22 37.96 62220.5
22 42.03 68971.7
22 47.82 77702.5
22 49.93 79937.7
22 49.93 82773.4
22 49.93 88308.2
22 49.93 110990
22 76.17 124094
22 85.23 132664
22 85.23 132513
22 84.93 132449
22 84.93 132400
22 84.14 132325
22 84.53 132292
22 84.14 132289
22 84.14 132278
22 83.63 118711
22 83.63 116724
22 83.63 116897
22 83.63 120099
22 83.63 121007
22 84.14 124180
22 84.93 132691
22 84.93 132856
22 85.23 132993
22 85.23 132865
22 84.86 121260
22 84.86 111120
22 84.86 108620
22 85.23 109383
22 85.23 128743
23 71.36 111583
23 44.62 96698.8
23 44.62 95684.7
23 44.31 94971
23 44.31 94731.2
23 44.13 94547.7
23 28.37 94168.8
23 44.13 94174.8
23 44.13 94177.2
23 44.13 76939.2
23 44.13 69334.3
23 44.31 99454
23 44.31 94398.1
23 43.73 69670.7
23 43.99 72189.6
23 44.37 72570.4
23 44.75 73279.7
23 44.75 73976.2
23 45.68 74455.9
23 45.18 75747.7
23 49.56 77501.5
23 59.67 77774.1
23 119.9 81201.6
23 74.82 82084.6
23 49.56 82121.7
23 49.56 82213.4
23 49.56 84610.5
23 49.56 84571.2
23 49.56 82216
23 49.56 78196.5
23 49.56 78146.4
23 49.56 78121.3
23 49.56 82128
23 61.01 84637.4
23 114.72 85084
23 196.25 212022
23 300.37 310720
23 197.71 310704
23 200.48 212222
23 122.85 86004.2
23 106.69 85749.6
23 85.96 85437
23 80.67 85093.1
24 60.72 86066
24 56.6 76323.1
24 55.18 74602.7
24 55.18 73312.2
24 44.94 65073.4
24 44.94 64340.5
24 44.94 58800.6
24 44.94 58705.7
24 44.94 58682.6
24 44.94 58646
24 44.94 58552.3
24 44.94 58617.4
24 44.94 58678.2
24 40.15 73994.5
24 40.15 73998.3
24 42.49 74120.2
24 45.48 74308.8
24 47.35 77179.9
24 47.52 77834.9
24 63.48 78437.3
24 63.48 86324.7
24 63.48 86425.6
24 63.48 86492.8
24 63.48 78811.6
24 47.52 78801.4
24 47.52 78753.8
24 47.52 78396.3
24 47.52 78283.9
24 47.35 77846.3
24 47.35 77613
24 47.35 77458.6
24 47.35 74880.5
24 45.48 77505.2
24 47.35 77794.8
24 47.35 77852.5
24 47.52 153239
24 103.92 153380
24 88.66 161133
24 88.66 161136
24 88.66 153672
24 88.66 153670
24 88.66 153773
24 105.34 153980
25 64.81 85646.9
25 57.72 81196
25 56.99 80893.1
25 56.08 62403.4
25 46.21 62100.9
25 44.3 61427
25 44.3 58634.6
25 44.3 58475.8
25 44.3 58333.6
25 44.3 58288.7
25 43.95 57615.9
25 44.3 58003.1
25 44.3 57904.8
25 48.54 67221.9
25 48.54 67367.9
25 48.54 67497.2
25 48.54 70709.9
25 50.45 67904.7
25 61.13 73291.5
25 69.3 95597.2
25 74.3 107623
25 76.6 107811
25 76.6 108174
25 76.6 108152
25 76.6 108234
25 76.6 108276
25 76.6 108372
25 76.6 108400
25 74.3 108335
25 72.33 107908
25 67.09 107692
25 59.75 99193.3
25 53.28 101891
25 43.1 94940.2
25 54.55 95187.2
25 55.06 95055.2
25 54.57 92986.9
25 54.74 87838.1
25 54.4 84825
25 53.4 70323.8
25 54.55 70095.8
25 52.71 69880.6
25 50.69 69711.3
26 78.41 108640
26 57.23 75822.1
26 56.95 75528.2
26 56.95 75253.7
26 56.88 74513.4
26 56.88 74301.3
26 56.88 74128.6
26 56.88 74016.5
26 56.88 74040.1
26 56.88 74035.9
26 56.88 73402.1
26 56.88 74618
26 56.88 74756.8
26 39.62 58939.8
26 40.95 63973.9
26 51.15 84735.7
26 51.87 89715.9
26 53.75 97936.8
26 53.75 90459.6
26 66.73 129850
26 71.9 130186
26 73.35 130288
26 73.35 130328
26 73.35 138394
26 73.41 138548
26 73.35 137943
26 73.41 139272
26 73.35 130382
26 73.37 130207
26 73.45 130266
26 73.45 130334
26 73.45 130437
26 73.45 146798
26 78.27 142551
26 123.57 178556
26 153.92 178970
26 165.58 179175
26 123.57 179069
26 78.27 178841
26 78.27 178654
26 78.27 178593
26 78.27 178351
26 78.36 167965
27 56.77 74326.2
27 45.03 71773.5
27 43.04 71514.4
27 42.73 69954.8
27 42.73 65704.3
27 41.88 63266.5
27 39.32 63131.8
27 39.32 62500
27 39.32 62448.2
27 37.86 62411.7
27 39.32 61725.2
27 39.32 63392.8
27 39.32 62638.2
27 38.12 62568.2
27 38.12 62614.1
27 41.91 62087.9
27 44.89 64605.7
27 46.37 63748.3
27 48.98 65319.7
27 50.51 77476.8
27 53.63 83056.9
27 53.63 86901.6
27 53.63 90657.5
27 53.63 94648.8
27 57.91 96900.6
27 192.51 231861
27 192.51 232069
27 192.51 232122
27 57.91 232046
27 53.63 231889
27 53.63 97023.7
27 53.63 96906.3
27 53.63 96819.6
27 53.63 95106.4
27 53.63 94801.9
27 53.63 95309.5
27 57.91 97067.2
27 57.91 97123.5
27 53.63 93950.4
27 62.56 93904.6
27 53.63 93793.3
27 51.69 93572.1
27 51.69 91705.9
28 59.21 82231.7
28 45.33 75814.7
28 45.33 74959.3
28 45.33 68982.6
28 41.88 68736.8
28 41.88 68588.8
28 38.69 65725.2
28 38.69 65633.4
28 38.69 65560
28 38.69 65587.7
28 38.69 65639.6
28 38.69 65635.3
28 38.69 65665.5
28 34.93 65059
28 39.42 65390.1
28 42.98 70354.1
28 44.77 72256
28 52.15 75719.7
28 52.15 93227.3
28 57.69 104554
28 60.6 113591
28 61.01 118728
28 62.69 124182
28 61.34 126751
28 62.63 131816
28 64.91 128747
28 64.91 134638
28 64.91 121000
28 62.82 124798
28 62.15 124050
28 61.24 120739
28 61.54 118133
28 61.95 120705
28 64.91 124661
28 64.91 122950
28 64.91 136448
28 442.86 136502
28 64.91 136576
28 64.91 124868
28 61.15 114251
28 62.94 94452.8
28 61.76 80421.9
28 61.19 80332.5
29 57.25 119206
29 54.48 93125.1
29 53.79 89391.5
29 53.79 89190.8
29 42.06 88294.5
29 41.62 87528.1
29 41.23 87394
29 41.23 87260.1
29 41.23 87116.7
29 41.23 87053.7
29 41.23 87010.5
29 35.79 78371.8
29 35.79 78426.1
29 47.96 70569.2
29 47.95 85654.2
29 56.18 99200.9
29 59.28 111247
29 59.94 111622
29 62.14 114355
29 63.86 114380
29 64.09 114432
29 63.86 114338
29 63.86 114241
29 63.86 114114
29 63.86 113981
29 63.86 113769
29 64.09 113676
29 63.86 113599
29 63.86 109631
29 63.86 105177
29 63.86 106277
29 63.86 106475
29 63.86 110951
29 63.86 113773
29 64.09 114022
29 91.1 115537
29 122.26 229863
29 137.74 271961
29 136.32 333056
29 128.38 241406
29 96.76 129684
29 68.96 115680
29 64.09 114461
